"Interval start","All packets"
0,0
1,2.1781e+07
2,2.40798e+07
3,2.39238e+07
4,2.37964e+07
5,2.39621e+07
6,2.39411e+07
7,2.38091e+07
8,2.40078e+07
9,2.37476e+07
10,2.26597e+07
11,2.38289e+07
12,2.3988e+07
13,2.35362e+07
14,2.38429e+07
15,2.38517e+07
16,2.38655e+07
17,2.38162e+07
18,2.38506e+07
19,2.36824e+07
20,2.37914e+07
21,2.39094e+07
22,2.38008e+07
23,2.37824e+07
24,7.96247e+06
25,0
26,2.27305e+06
27,1.22752e+07
28,1.23423e+07
29,1.2508e+07
30,1.22602e+07
31,1.11415e+07
32,1.19307e+07
33,1.10248e+07
34,1.20033e+07
35,1.11127e+07
36,1.17819e+07
37,1.19739e+07
38,1.21139e+07
39,5.30068e+06
