36
14 20
1
1.0 4 14 1 11 20 
14 22
1
1.0 4 14 1 11 22 
15 23
1
1.0 4 15 1 11 23 
17 20
1
1.0 4 17 2 8 20 
15 18
1
1.0 4 15 2 8 18 
15 21
1
1.0 4 15 2 8 21 
13 20
1
1.0 4 13 1 11 20 
12 20
1
1.0 4 12 2 8 20 
12 23
1
1.0 4 12 4 7 23 
14 21
1
1.0 4 14 2 8 21 
13 22
1
1.0 4 13 1 11 22 
15 22
1
1.0 4 15 3 10 22 
14 23
1
1.0 4 14 4 7 23 
15 19
1
1.0 4 15 3 10 19 
16 20
1
1.0 4 16 3 10 20 
15 20
1
1.0 4 15 3 10 20 
14 18
1
1.0 4 14 4 7 18 
17 22
1
1.0 4 17 3 10 22 
14 19
1
1.0 4 14 4 7 19 
12 22
1
1.0 4 12 4 7 22 
16 23
1
1.0 4 16 3 6 23 
13 18
1
1.0 4 13 3 6 18 
16 21
1
1.0 4 16 3 9 21 
16 22
1
1.0 4 16 3 9 22 
16 18
1
1.0 4 16 3 9 18 
12 21
1
1.0 4 12 3 9 21 
12 18
1
1.0 4 12 3 9 18 
13 21
1
1.0 4 13 3 6 21 
17 23
1
1.0 4 17 3 6 23 
16 19
1
1.0 4 16 4 6 19 
13 23
1
1.0 4 13 3 6 23 
12 19
1
1.0 4 12 4 6 19 
13 19
1
1.0 4 13 5 6 19 
17 21
1
1.0 4 17 4 6 21 
17 18
1
1.0 4 17 4 6 18 
17 19
1
1.0 4 17 4 6 19 
36
14 20
2
0.5 4 14 1 11 20 
0.5 4 14 2 8 20 
14 22
2
0.4719568248231642 4 14 2 8 22 
0.5280431751768359 4 14 4 7 22 
15 23
2
0.4719568248231642 4 15 1 11 23 
0.5280431751768359 4 15 3 10 23 
17 20
2
0.44243926651930743 4 17 2 8 20 
0.5575607334806926 4 17 3 9 20 
15 18
2
0.44069155069799487 4 15 2 8 18 
0.5593084493020051 4 15 3 6 18 
15 21
2
0.44069155069799487 4 15 2 8 21 
0.5593084493020051 4 15 3 9 21 
13 20
2
0.4719568248231642 4 13 1 11 20 
0.5280431751768359 4 13 3 10 20 
12 20
2
0.3977645561523108 4 12 2 8 20 
0.6022354438476891 4 12 3 10 20 
12 23
2
0.3931008170559601 4 12 3 10 23 
0.6068991829440399 4 12 4 6 23 
14 21
2
0.470290729181397 4 14 4 7 21 
0.529709270818603 4 14 5 6 21 
13 22
2
0.4918806902789417 4 13 3 9 22 
0.5081193097210583 4 13 4 7 22 
15 22
2
0.48397065090195046 4 15 3 9 22 
0.5160293490980495 4 15 1 11 22 
14 23
2
0.43839906763180947 4 14 4 7 23 
0.5616009323681905 4 14 5 6 23 
15 19
2
0.4386890090835667 4 15 2 8 19 
0.5613109909164333 4 15 3 10 19 
16 20
2
0.48761935764918696 4 16 3 9 20 
0.512380642350813 4 16 1 11 20 
15 20
2
0.47416578956609384 4 15 3 10 20 
0.5258342104339062 4 15 1 11 20 
14 18
2
0.4330937559613576 4 14 4 7 18 
0.5669062440386424 4 14 5 6 18 
17 22
2
0.4772925067929818 4 17 3 9 22 
0.5227074932070181 4 17 4 7 22 
14 19
2
0.37207033381704363 4 14 4 7 19 
0.6279296661829564 4 14 5 6 19 
12 22
2
0.48843413583685835 4 12 2 8 22 
0.5115658641631416 4 12 3 9 22 
16 23
2
0.32568539596701407 4 16 1 11 23 
0.6743146040329859 4 16 3 6 23 
13 18
2
0.24117576715850733 4 13 3 9 18 
0.7588242328414927 4 13 4 6 18 
16 21
2
0.29228660831140185 4 16 4 7 21 
0.7077133916885981 4 16 3 6 21 
16 22
2
0.46056274266581 4 16 1 11 22 
0.53943725733419 4 16 3 10 22 
16 18
2
0.2780011787472441 4 16 2 8 18 
0.7219988212527558 4 16 4 6 18 
12 21
2
0.29228660831140185 4 12 4 7 21 
0.7077133916885981 4 12 3 6 21 
12 18
2
0.29926892994995546 4 12 3 9 18 
0.7007310700500445 4 12 4 6 18 
13 21
2
0.25986204291513115 4 13 4 7 21 
0.7401379570848688 4 13 5 6 21 
17 23
2
0.22285061324277922 4 17 4 7 23 
0.7771493867572208 4 17 3 6 23 
16 19
2
0.36035309269300086 4 16 3 10 19 
0.6396469073069991 4 16 4 6 19 
13 23
2
0.35443705328374114 4 13 1 11 23 
0.6455629467162588 4 13 5 6 23 
12 19
2
0.38696554204815403 4 12 2 8 19 
0.613034457951846 4 12 3 6 19 
13 19
2
0.36035309269300086 4 13 3 10 19 
0.6396469073069991 4 13 4 6 19 
17 21
2
0.3659787161145758 4 17 3 9 21 
0.6340212838854242 4 17 5 6 21 
17 18
2
0.3869650675122264 4 17 2 8 18 
0.6130349324877736 4 17 3 6 18 
17 19
2
0.3603526181570733 4 17 3 10 19 
0.6396473818429267 4 17 4 6 19 
36
14 20
2
0.5 4 14 1 11 20 
0.5 4 14 2 8 20 
14 22
3
0.3204897361116982 4 14 1 11 22 
0.3204897361116982 4 14 2 8 22 
0.3590205277766037 4 14 4 7 22 
15 23
3
0.4517195711286755 4 15 1 11 23 
0.5482804288713246 4 15 3 6 23 
0.0 4 15 3 10 23 
17 20
3
0.4517195711286755 4 17 2 8 20 
0.5482804288713246 4 17 3 10 20 
0.0 4 17 3 9 20 
15 18
3
0.4517195711286755 4 15 2 8 18 
0.5482804288713246 4 15 3 6 18 
0.0 4 15 3 9 18 
15 21
3
0.4517195711286755 4 15 2 8 21 
0.5482804288713246 4 15 3 6 21 
0.0 4 15 3 9 21 
13 20
3
0.4209354203944001 4 13 1 11 20 
0.5109162122941234 4 13 3 10 20 
0.06814836731147648 4 13 3 9 20 
12 20
3
0.34768493079917906 4 12 2 8 20 
0.5040088103657993 4 12 3 10 20 
0.1483062588350217 4 12 3 9 20 
12 23
3
0.3992049067538311 4 12 3 10 23 
0.5300895595286736 4 12 4 6 23 
0.07070553371749534 4 12 4 7 23 
14 21
3
0.4928920636262451 4 14 4 6 21 
0.4337893496015141 4 14 5 6 21 
0.07331858677224078 4 14 4 7 21 
13 22
3
0.26476370279574135 4 13 1 11 22 
0.3642250306437297 4 13 3 9 22 
0.371011266560529 4 13 4 7 22 
15 22
3
0.47182185778491625 4 15 3 10 22 
0.4726094368598278 4 15 1 11 22 
0.055568705355255925 4 15 3 9 22 
14 23
3
0.4895313505313928 4 14 4 6 23 
0.4226002789636079 4 14 5 6 23 
0.08786837050499927 4 14 4 7 23 
15 19
3
0.4620186821082886 4 15 2 8 19 
0.5379813178917114 4 15 3 6 19 
0.0 4 15 3 9 19 
16 20
3
0.32300557457580154 4 16 3 10 20 
0.32354471636351684 4 16 1 11 20 
0.3534497090606816 4 16 3 9 20 
15 20
3
0.49348615279127983 4 15 3 10 20 
0.494310363451071 4 15 1 11 20 
0.012203483757649191 4 15 3 9 20 
14 18
3
0.45214506107612323 4 14 4 6 18 
0.38858832203859467 4 14 4 7 18 
0.1592666168852821 4 14 5 6 18 
17 22
3
0.19371627428603633 4 17 2 8 22 
0.3829644344881675 4 17 4 7 22 
0.42331929122579615 4 17 3 9 22 
14 19
3
0.38858832203859467 4 14 4 6 19 
0.3233728296960048 4 14 4 7 19 
0.28803884826540055 4 14 5 6 19 
12 22
3
0.20227961170520029 4 12 2 8 22 
0.35568846245967 4 12 4 7 22 
0.4420319258351297 4 12 3 9 22 
16 23
3
0.45706261652835894 4 16 4 7 23 
0.46912708811774706 4 16 4 6 23 
0.07381029535389398 4 16 3 6 23 
13 18
3
0.38186266912755773 4 13 3 6 18 
0.4437611244957287 4 13 3 9 18 
0.17437620637671358 4 13 5 6 18 
16 21
3
0.3319864181354523 4 16 4 6 21 
0.3652277028708831 4 16 3 6 21 
0.3027858789936646 4 16 3 9 21 
16 22
3
0.26892796257942714 4 16 1 11 22 
0.341149480348094 4 16 4 7 22 
0.38992255707247886 4 16 3 9 22 
16 18
3
0.34544758630730144 4 16 4 6 18 
0.38003672551202033 4 16 3 6 18 
0.27451568818067823 4 16 3 9 18 
12 21
3
0.311113459289629 4 12 2 8 21 
0.3362253499960081 4 12 3 9 21 
0.35266119071436286 4 12 4 7 21 
12 18
3
0.33065500091578964 4 12 4 7 18 
0.3498546477497405 4 12 4 6 18 
0.31949035133446985 4 12 3 6 18 
13 21
3
0.2706186511123322 4 13 3 6 21 
0.2957643555893693 4 13 3 9 21 
0.4336169932982985 4 13 5 6 21 
17 23
3
0.39849998356275035 4 17 3 10 23 
0.6015000164372496 4 17 5 6 23 
0.0 4 17 5 6 23 
16 19
3
0.2905283871301032 4 16 4 6 19 
0.3469734327082482 4 16 2 8 19 
0.3624981801616486 4 16 3 10 19 
13 23
3
0.22294733974855704 4 13 4 7 23 
0.3327899648242858 4 13 1 11 23 
0.44426269542715713 4 13 5 6 23 
12 19
3
0.3017066561468269 4 12 2 8 19 
0.33364611071192074 4 12 3 6 19 
0.36464723314125236 4 12 3 9 19 
13 19
3
0.18745368217873395 4 13 4 7 19 
0.22388473261291217 4 13 3 10 19 
0.5886615852083539 4 13 5 6 19 
17 21
3
0.25652488364775444 4 17 3 9 21 
0.7434751163522456 4 17 5 6 21 
0.0 4 17 5 6 21 
17 18
3
0.26350977546717014 4 17 2 8 18 
0.3062776204498171 4 17 5 6 18 
0.4302126040830128 4 17 4 6 18 
17 19
3
0.31119846335197787 4 17 3 6 19 
0.3138983990118865 4 17 4 7 19 
0.37490313763613564 4 17 3 10 19 
36
14 20
2
0.5 4 14 1 11 20 
0.5 4 14 2 8 20 
14 22
3
0.3204786847151064 4 14 1 11 22 
0.3204786847151064 4 14 2 8 22 
0.35904263056978725 4 14 4 7 22 
15 23
3
0.4516782214597237 4 15 1 11 23 
0.5483217785402763 4 15 3 10 23 
0.0 4 15 3 6 23 
17 20
3
0.4516782214597237 4 17 2 8 20 
0.4837353813175561 4 17 3 10 20 
0.06458639722272017 4 17 3 9 20 
15 18
3
0.4516782214597237 4 15 2 8 18 
0.5483217785402763 4 15 3 9 18 
0.0 4 15 3 6 18 
15 21
3
0.4516782214597237 4 15 2 8 21 
0.5483217785402763 4 15 3 9 21 
0.0 4 15 3 6 21 
13 20
3
0.4208664827785562 4 13 1 11 20 
0.4346665377760551 4 13 3 9 20 
0.1444669794453887 4 13 3 10 20 
12 20
3
0.34753914348434495 4 12 2 8 20 
0.42877870827205555 4 12 3 9 20 
0.2236821482435995 4 12 3 10 20 
12 23
4
0.37595154588959395 4 12 3 10 23 
0.4188951133877615 4 12 3 6 23 
0.2051533407226446 4 12 4 7 23 
0.0 4 12 4 6 23 
14 21
4
0.19599475552860948 4 14 2 8 21 
0.37607026915926095 4 14 4 7 21 
0.3603579717748331 4 14 4 6 21 
0.06757700353729647 4 14 5 6 21 
13 22
4
0.24462483916047162 4 13 3 9 22 
0.26773692800489535 4 13 3 10 22 
0.2754680183913138 4 13 1 11 22 
0.21217021444331927 4 13 4 7 22 
15 22
4
0.2536487461790347 4 15 2 8 22 
0.3125720903648324 4 15 3 9 22 
0.34210368248611217 4 15 3 10 22 
0.09167548097002073 4 15 1 11 22 
14 23
4
0.25111097763216056 4 14 1 11 23 
0.33895211932767905 4 14 4 7 23 
0.31166453778168624 4 14 4 6 23 
0.09827236525847417 4 14 5 6 23 
15 19
4
0.4166562646937644 4 15 2 8 19 
0.5134471700220459 4 15 3 9 19 
0.06989656528418972 4 15 3 10 19 
0.0 4 15 3 6 19 
16 20
4
0.1717761470404119 4 16 2 8 20 
0.2116803049827171 4 16 3 9 20 
0.29845903765639326 4 16 3 10 20 
0.31808451032047774 4 16 1 11 20 
15 20
4
0.2236314679545717 4 15 2 8 20 
0.2755815797796909 4 15 3 9 20 
0.30592546431122203 4 15 3 10 20 
0.19486148795451538 4 15 1 11 20 
14 18
4
0.10525685990560327 4 14 2 8 18 
0.35181458897816337 4 14 4 6 18 
0.3092661400296386 4 14 4 7 18 
0.23366241108659477 4 14 5 6 18 
17 22
4
0.12169369771835462 4 17 2 8 22 
0.17059595327277352 4 17 3 9 22 
0.2536750248474195 4 17 3 10 22 
0.45403532416145237 4 17 4 7 22 
14 19
4
0.09002133264758523 4 14 2 8 19 
0.31453219746917654 4 14 4 6 19 
0.2705219975917477 4 14 4 7 19 
0.3249244722914905 4 14 5 6 19 
12 22
4
0.11232676022498295 4 12 2 8 22 
0.18308113632716191 4 12 3 9 22 
0.2722413733232098 4 12 3 10 22 
0.43235073012464537 4 12 4 7 22 
16 23
4
0.23080976778103862 4 16 4 7 23 
0.2489397026568672 4 16 1 11 23 
0.4509701051991407 4 16 4 6 23 
0.06928042436295347 4 16 3 6 23 
13 18
4
0.2649251104877227 4 13 4 7 18 
0.517626886081034 4 13 4 6 18 
0.21744800343124326 4 13 3 6 18 
0.0 4 13 5 6 18 
16 21
4
0.11692458866845049 4 16 3 9 21 
0.19548326001897695 4 16 4 7 21 
0.3819473056387453 4 16 4 6 21 
0.30564484567382727 4 16 3 6 21 
16 22
4
0.14132386300179353 4 16 3 9 22 
0.2362762000670106 4 16 4 7 22 
0.2509711375753987 4 16 3 10 22 
0.3714287993557972 4 16 1 11 22 
16 18
4
0.1008894390724381 4 16 3 9 18 
0.16867526417100656 4 16 4 7 18 
0.43069329696866177 4 16 4 6 18 
0.2997419997878936 4 16 3 6 18 
12 21
4
0.0962526618883288 4 12 2 8 21 
0.13124364736654895 4 12 4 7 21 
0.335115903005435 4 12 4 6 21 
0.4373877877396873 4 12 3 6 21 
12 18
4
0.10474536439597074 4 12 3 9 18 
0.13690153852218154 4 12 4 7 18 
0.3495630702119093 4 12 4 6 18 
0.4087900268699384 4 12 3 6 18 
13 21
4
0.10747599959831178 4 13 4 7 21 
0.27442766468043733 4 13 4 6 21 
0.6180963357212509 4 13 3 6 21 
0.0 4 13 5 6 21 
17 23
4
0.19833449553872678 4 17 3 10 23 
0.45582837401677895 4 17 3 6 23 
0.34583713044449427 4 17 5 6 23 
0.0 4 17 5 6 23 
16 19
4
0.11629202357947373 4 16 2 8 19 
0.19441099649649038 4 16 4 6 19 
0.208986741473276 4 16 3 10 19 
0.4803102384507599 4 16 3 6 19 
13 23
4
0.09952764093578338 4 13 3 10 23 
0.22874266895541354 4 13 3 6 23 
0.2934224493032868 4 13 1 11 23 
0.37830724080551625 4 13 5 6 23 
12 19
4
0.13962044217613653 4 12 2 8 19 
0.19008909407106314 4 12 3 10 19 
0.2334108866891975 4 12 4 6 19 
0.4368795770636028 4 12 3 6 19 
13 19
4
0.07163001887371505 4 13 4 7 19 
0.08089981914645009 4 13 3 9 19 
0.08822922131612956 4 13 3 6 19 
0.7592409406637053 4 13 5 6 19 
17 21
4
0.08495611931641675 4 17 3 9 21 
0.09265248431961243 4 17 3 6 21 
0.8223913963639709 4 17 5 6 21 
0.0 4 17 5 6 21 
17 18
4
0.07706501061001236 4 17 4 6 18 
0.07994534036975963 4 17 4 7 18 
0.842989649020228 4 17 5 6 18 
0.0 4 17 5 6 18 
17 19
4
0.09715129849470157 4 17 3 6 19 
0.12097338064745007 4 17 3 10 19 
0.7818753208578484 4 17 5 6 19 
0.0 4 17 5 6 19 
36
14 20
2
0.500000233032116 4 14 1 11 20 
0.499999766967884 4 14 2 8 20 
14 22
3
0.3203837386460927 4 14 1 11 22 
0.3203837386460927 4 14 2 8 22 
0.35923252270781453 4 14 4 7 22 
15 23
3
0.45132029005973545 4 15 1 11 23 
0.5486797099402645 4 15 3 10 23 
0.0 4 15 3 6 23 
17 20
3
0.45132029005973545 4 17 2 8 20 
0.4835649439534458 4 17 3 10 20 
0.06511476598681877 4 17 3 9 20 
15 18
3
0.45132029005973545 4 15 2 8 18 
0.5486797099402645 4 15 3 9 18 
0.0 4 15 3 6 18 
15 21
3
0.45132029005973545 4 15 2 8 21 
0.5486797099402645 4 15 3 9 21 
0.0 4 15 3 6 21 
13 20
3
0.42026969272851245 4 13 1 11 20 
0.43396638837971374 4 13 3 9 20 
0.1457639188917738 4 13 3 10 20 
12 20
3
0.3462791995067176 4 12 2 8 20 
0.4279919109891887 4 12 3 9 20 
0.22572888950409367 4 12 3 10 20 
12 23
4
0.3746797556145593 4 12 3 10 23 
0.4183592954413791 4 12 3 6 23 
0.20696094894406158 4 12 4 7 23 
0.0 4 12 4 6 23 
14 21
4
0.19500034255721055 4 14 2 8 21 
0.3762471296269109 4 14 4 7 21 
0.3605477559706324 4 14 4 6 21 
0.06820477184524616 4 14 5 6 21 
13 22
4
0.2438951411405617 4 13 3 9 22 
0.26698209893891156 4 13 3 10 22 
0.2750944129618056 4 13 1 11 22 
0.21402834695872117 4 13 4 7 22 
15 22
4
0.252970343866851 4 15 2 8 22 
0.3122830762289997 4 15 3 9 22 
0.3418436662103898 4 15 3 10 22 
0.09290291369375944 4 15 1 11 22 
14 23
4
0.2504466060503526 4 14 1 11 23 
0.3387201037272555 4 14 4 7 23 
0.3115317806869507 4 14 4 6 23 
0.09930150953544116 4 14 5 6 23 
15 19
4
0.41598376605066956 4 15 2 8 19 
0.5135170278897497 4 15 3 9 19 
0.07049920605958072 4 15 3 10 19 
0.0 4 15 3 6 19 
16 20
4
0.1709472336058411 4 16 2 8 20 
0.21102829149707755 4 16 3 9 20 
0.2988473765477411 4 16 3 10 20 
0.3191770983493403 4 16 1 11 20 
15 20
4
0.22242962080548018 4 15 2 8 20 
0.27458127624232914 4 15 3 9 20 
0.30507492681626397 4 15 3 10 20 
0.1979141761359267 4 15 1 11 20 
14 18
4
0.10337118240961733 4 14 2 8 18 
0.3517932054359868 4 14 4 6 18 
0.3087778071398244 4 14 4 7 18 
0.2360578050145715 4 14 5 6 18 
17 22
4
0.12032846342817274 4 17 2 8 22 
0.16923398148886082 4 17 3 9 22 
0.2532448556995228 4 17 3 10 22 
0.45719269938344365 4 17 4 7 22 
14 19
4
0.08808520772715854 4 14 2 8 19 
0.31404200264071996 4 14 4 6 19 
0.26954731647206154 4 14 4 7 19 
0.32832547316006 4 14 5 6 19 
12 22
4
0.11096010629993004 4 12 2 8 22 
0.1818191139466459 4 12 3 9 22 
0.2720775791878085 4 12 3 10 22 
0.43514320056561556 4 12 4 7 22 
16 23
5
0.12510701999928225 4 16 3 10 23 
0.20008836577839484 4 16 4 7 23 
0.216788379340864 4 16 1 11 23 
0.39660667953936074 4 16 4 6 23 
0.06140955534209814 4 16 3 6 23 
13 18
5
0.11196633897690512 4 13 3 9 18 
0.23561923857222156 4 13 4 7 18 
0.4670345777714393 4 13 4 6 18 
0.18537984467943402 4 13 3 6 18 
0.0 4 13 5 6 18 
16 21
5
0.06583809767494536 4 16 2 8 21 
0.09044116242012241 4 16 3 9 21 
0.19032152373175767 4 16 4 7 21 
0.3772477695331015 4 16 4 6 21 
0.276151446640073 4 16 3 6 21 
16 22
5
0.08167496027967583 4 16 2 8 22 
0.112196108643301 4 16 3 9 22 
0.20858564885695416 4 16 3 10 22 
0.23610254718084736 4 16 4 7 22 
0.36144073503922164 4 16 1 11 22 
16 18
5
0.05694745638454401 4 16 2 8 18 
0.07822794921950553 4 16 3 9 18 
0.16462041165589358 4 16 4 7 18 
0.423165349802179 4 16 4 6 18 
0.27703883293787784 4 16 3 6 18 
12 21
5
0.04652532802765812 4 12 2 8 21 
0.06391092207545859 4 12 3 9 21 
0.13449262150411045 4 12 4 7 21 
0.3457199224282692 4 12 4 6 21 
0.40935120596450364 4 12 3 6 21 
12 18
5
0.04786433056630999 4 12 2 8 18 
0.06575094366355383 4 12 3 9 18 
0.13836421707966948 4 12 4 7 18 
0.3556717919750264 4 12 4 6 18 
0.3923487167154403 4 12 3 6 18 
13 21
5
0.05131833258996088 4 13 3 9 21 
0.10799267533452925 4 13 4 7 21 
0.27760044033748643 4 13 4 6 21 
0.5630885517380234 4 13 3 6 21 
0.0 4 13 5 6 21 
17 23
5
0.1590551386611 4 17 4 6 23 
0.1739808456921916 4 17 3 10 23 
0.50515443737425 4 17 3 6 23 
0.16180957827245834 4 17 5 6 23 
0.0 4 17 5 6 23 
16 19
5
0.042388075839836094 4 16 2 8 19 
0.08556007171796402 4 16 4 7 19 
0.16548123229247208 4 16 4 6 19 
0.18100956037559185 4 16 3 10 19 
0.5255610597741359 4 16 3 6 19 
13 23
5
0.07799445103925333 4 13 4 6 23 
0.08531305767498265 4 13 3 10 23 
0.24770754655865163 4 13 3 6 23 
0.2987704759494544 4 13 1 11 23 
0.290214468777658 4 13 5 6 23 
12 19
5
0.07675751656741829 4 12 3 9 19 
0.10622489370240028 4 12 4 7 19 
0.1550371989166803 4 12 4 6 19 
0.1695858599840513 4 12 3 10 19 
0.49239453082944984 4 12 3 6 19 
13 19
5
0.02080650551097651 4 13 4 7 19 
0.030367347167051868 4 13 4 6 19 
0.03321686388174645 4 13 3 10 19 
0.09644546792149801 4 13 3 6 19 
0.8191638155187272 4 13 5 6 19 
17 21
5
0.026869535105589183 4 17 4 6 21 
0.04017007615955616 4 17 2 8 21 
0.08533729301504875 4 17 3 6 21 
0.8476230957198059 4 17 5 6 21 
0.0 4 17 5 6 21 
17 18
5
0.02122409906288465 4 17 2 8 18 
0.021609068118549964 4 17 3 9 18 
0.04508798593604573 4 17 3 6 18 
0.9120788468825196 4 17 5 6 18 
0.0 4 17 5 6 18 
17 19
5
0.03731403454561301 4 17 4 7 19 
0.04254141097217736 4 17 3 6 19 
0.05957139801093107 4 17 3 10 19 
0.8605731564712785 4 17 5 6 19 
0.0 4 17 5 6 19 
36
14 20
2
0.5 4 14 1 11 20 
0.5 4 14 2 8 20 
14 22
3
0.32036645334753394 4 14 1 11 22 
0.32036645334753394 4 14 2 8 22 
0.3592670933049322 4 14 4 7 22 
15 23
3
0.4512556161521747 4 15 1 11 23 
0.5487443838478253 4 15 3 10 23 
0.0 4 15 3 6 23 
17 20
3
0.4512556161521747 4 17 2 8 20 
0.4835341773000389 4 17 3 10 20 
0.0652102065477864 4 17 3 9 20 
15 18
3
0.4512556161521747 4 15 2 8 18 
0.5487443838478253 4 15 3 9 18 
0.0 4 15 3 6 18 
15 21
3
0.4512556161521747 4 15 2 8 21 
0.5487443838478253 4 15 3 9 21 
0.0 4 15 3 6 21 
13 20
3
0.4201617302869102 4 13 1 11 20 
0.4338392602785127 4 13 3 9 20 
0.14599900943457705 4 13 3 10 20 
12 20
3
0.3460513306533449 4 12 2 8 20 
0.4278493186138787 4 12 3 9 20 
0.22609935073277634 4 12 3 10 20 
12 23
4
0.37444909108174584 4 12 3 10 23 
0.4182625259045892 4 12 3 6 23 
0.20728838301366495 4 12 4 7 23 
0.0 4 12 4 6 23 
14 21
4
0.19482019934198155 4 14 2 8 21 
0.37627847177354035 4 14 4 7 21 
0.36058210614318137 4 14 4 6 21 
0.0683192227412967 4 14 5 6 21 
13 22
4
0.24376288247090214 4 13 3 9 22 
0.2668451980851551 4 13 3 10 22 
0.2750271381410513 4 13 1 11 22 
0.21436478130289144 4 13 4 7 22 
15 22
4
0.252847410099671 4 15 2 8 22 
0.31223059692738525 4 15 3 9 22 
0.3417958094613894 4 15 3 10 22 
0.09312618351155443 4 15 1 11 22 
14 23
4
0.2503263093803939 4 14 1 11 23 
0.3386774834424755 4 14 4 7 23 
0.31150815447607094 4 14 4 6 23 
0.09948805270105965 4 14 5 6 23 
15 19
4
0.41586198742428787 4 15 2 8 19 
0.5135299692589566 4 15 3 9 19 
0.07060804331675563 4 15 3 10 19 
0.0 4 15 3 6 19 
16 20
4
0.17079666037943125 4 16 2 8 20 
0.21090943960436967 4 16 3 9 20 
0.29891754660033104 4 16 3 10 20 
0.31937635341586806 4 16 1 11 20 
15 20
4
0.22221110215299023 4 15 2 8 20 
0.27439872492631273 4 15 3 9 20 
0.30491959103798966 4 15 3 10 20 
0.19847058188270736 4 15 1 11 20 
14 18
4
0.10303044126710448 4 14 2 8 18 
0.351788510558273 4 14 4 6 18 
0.30868867385261056 4 14 4 7 18 
0.23649237432201198 4 14 5 6 18 
17 22
4
0.12008045551113734 4 17 2 8 22 
0.16898543384717363 4 17 3 9 22 
0.2531653406372017 4 17 3 10 22 
0.45776877000448735 4 17 4 7 22 
14 19
4
0.08773532911163784 4 14 2 8 19 
0.3139524491357689 4 14 4 6 19 
0.2693704882258638 4 14 4 7 19 
0.32894173352672945 4 14 5 6 19 
12 22
4
0.11071244369883088 4 12 2 8 22 
0.18158814449593813 4 12 3 9 22 
0.2720465975381098 4 12 3 10 22 
0.4356528142671212 4 12 4 7 22 
16 23
5
0.12478145184865203 4 16 3 10 23 
0.19982423049638126 4 16 4 7 23 
0.2166847897934522 4 16 1 11 23 
0.39713108420364684 4 16 4 6 23 
0.06157844365786764 4 16 3 6 23 
13 18
5
0.11152844989545066 4 13 3 9 18 
0.23517317206233115 4 13 4 7 18 
0.4673834921899875 4 13 4 6 18 
0.18591488585223073 4 13 3 6 18 
0.0 4 13 5 6 18 
16 21
5
0.06553186101547852 4 16 2 8 21 
0.0900576650585495 4 16 3 9 21 
0.18989856014240308 4 16 4 7 21 
0.377404960647368 4 16 4 6 21 
0.2771069531362009 4 16 3 6 21 
16 22
5
0.0814558518769539 4 16 2 8 22 
0.11194087516082724 4 16 3 9 22 
0.20849959129866477 4 16 3 10 22 
0.23604270975502126 4 16 4 7 22 
0.3620609719085328 4 16 1 11 22 
16 18
5
0.05660699689238028 4 16 2 8 18 
0.07779243558066312 4 16 3 9 18 
0.16403586517138458 4 16 4 7 18 
0.4234885963948632 4 16 4 6 18 
0.2780761059607088 4 16 3 6 18 
12 21
5
0.04619023324836566 4 12 2 8 21 
0.06347718254891847 4 12 3 9 21 
0.13385015277423487 4 12 4 7 21 
0.34555837539822776 4 12 4 6 21 
0.4109240560302532 4 12 3 6 21 
12 18
5
0.04752665868504302 4 12 2 8 18 
0.06531354560976564 4 12 3 9 18 
0.137722574650835 4 12 4 7 18 
0.35555573140781316 4 12 4 6 18 
0.3938814896465432 4 12 3 6 18 
13 21
5
0.05085026635410479 4 13 3 9 21 
0.1072249831026669 4 13 4 7 21 
0.2768211414963124 4 13 4 6 21 
0.5651036090469159 4 13 3 6 21 
0.0 4 13 5 6 21 
17 23
6
0.05769159155189203 4 17 4 7 23 
0.14894044877082374 4 17 4 6 23 
0.16316027609218217 4 17 3 10 23 
0.47427602142749414 4 17 3 6 23 
0.1559316621576079 4 17 5 6 23 
0.0 4 17 5 6 23 
16 19
6
0.038946723593145736 4 16 3 9 19 
0.04066578285390836 4 16 2 8 19 
0.06290788672549236 4 16 4 7 19 
0.1624075767083064 4 16 4 6 19 
0.1779135564091631 4 16 3 10 19 
0.517158473709984 4 16 3 6 19 
13 23
6
0.02967972338646761 4 13 4 7 23 
0.0766231215099792 4 13 4 6 23 
0.08393878231207652 4 13 3 10 23 
0.24399423163217998 4 13 3 6 23 
0.2853340458453042 4 13 1 11 23 
0.2804300953139925 4 13 5 6 23 
12 19
6
0.049733552796950846 4 12 3 9 19 
0.05192880962710425 4 12 2 8 19 
0.06140016050138996 4 12 4 7 19 
0.1585170006721694 4 12 4 6 19 
0.17365105284815488 4 12 3 10 19 
0.5047694235542307 4 12 3 6 19 
13 19
6
0.01010907391442781 4 13 3 9 19 
0.012480286444708015 4 13 4 7 19 
0.03221990924782197 4 13 4 6 19 
0.035296341052419904 4 13 3 10 19 
0.1026003273334612 4 13 3 6 19 
0.8072940620071611 4 13 5 6 19 
17 21
6
0.011261630299385365 4 17 4 7 21 
0.014834741289261861 4 17 2 8 21 
0.0290741192439677 4 17 4 6 21 
0.09258202421671784 4 17 3 6 21 
0.8522474849506673 4 17 5 6 21 
0.0 4 17 5 6 21 
17 18
6
0.0075470099633751465 4 17 2 8 18 
0.009339151353555515 4 17 3 9 18 
0.014791450601135426 4 17 4 6 18 
0.0471011996641015 4 17 3 6 18 
0.9212211884178324 4 17 5 6 18 
0.0 4 17 5 6 18 
17 19
6
0.011122913900872703 4 17 4 7 19 
0.013925171347336552 4 17 4 6 19 
0.04434362937957462 4 17 3 6 19 
0.06330774372657415 4 17 3 10 19 
0.867300541645642 4 17 5 6 19 
0.0 4 17 5 6 19 
36
14 20
2
0.5 4 14 1 11 20 
0.5 4 14 2 8 20 
14 22
3
0.3203611260013699 4 14 1 11 22 
0.3203611260013699 4 14 2 8 22 
0.3592777479972602 4 14 4 7 22 
15 23
3
0.451236729056851 4 15 1 11 23 
0.548763270943149 4 15 3 10 23 
0.0 4 15 3 6 23 
17 20
3
0.451236729056851 4 17 2 8 20 
0.4835248592870544 4 17 3 10 20 
0.06523841165609458 4 17 3 9 20 
15 18
3
0.45123626373626374 4 15 2 8 18 
0.5487637362637363 4 15 3 9 18 
0.0 4 15 3 6 18 
15 21
3
0.45123626373626374 4 15 2 8 21 
0.5487637362637363 4 15 3 9 21 
0.0 4 15 3 6 21 
13 20
3
0.42012958247714344 4 13 1 11 20 
0.4338011666517764 4 13 3 9 20 
0.14606925087108014 4 13 3 10 20 
12 20
3
0.3459830734983174 4 12 2 8 20 
0.427806906846541 4 12 3 9 20 
0.22621001965514162 4 12 3 10 20 
12 23
4
0.3743806582983412 4 12 3 10 23 
0.4182338664045981 4 12 3 6 23 
0.20738547529706067 4 12 4 7 23 
0.0 4 12 4 6 23 
14 21
4
0.19476691161142382 4 14 2 8 21 
0.37628800738556833 4 14 4 7 21 
0.36059274397689034 4 14 4 6 21 
0.06835233702611751 4 14 5 6 21 
13 22
4
0.24372375591887788 4 13 3 9 22 
0.26680412236814677 4 13 3 10 22 
0.2750067936805742 4 13 1 11 22 
0.2144653280324012 4 13 4 7 22 
15 22
4
0.252811001667709 4 15 2 8 22 
0.3122147584800024 4 15 3 9 22 
0.34178169391584023 4 15 3 10 22 
0.09319254593644838 4 15 1 11 22 
14 23
4
0.2502903600464576 4 14 1 11 23 
0.33866451130170644 4 14 4 7 23 
0.3115009566991274 4 14 4 6 23 
0.09954417195270854 4 14 5 6 23 
15 19
4
0.4158253670448792 4 15 2 8 19 
0.5135333839602132 4 15 3 9 19 
0.07064124899490754 4 15 3 10 19 
0.0 4 15 3 6 19 
16 20
4
0.17075171610232587 4 16 2 8 20 
0.2108739837398374 4 16 3 9 20 
0.2989386968045505 4 16 3 10 20 
0.3194356033532863 4 16 1 11 20 
15 20
4
0.22214590964590963 4 15 2 8 20 
0.2743446424848864 4 15 3 9 20 
0.30487246493344056 4 15 3 10 20 
0.19863698293576343 4 15 1 11 20 
14 18
4
0.10292891390452366 4 14 2 8 18 
0.3517874825039459 4 14 4 6 18 
0.3086620357961821 4 14 4 7 18 
0.2366215677953483 4 14 5 6 18 
17 22
4
0.12000617945739897 4 17 2 8 22 
0.16891090785907859 4 17 3 9 22 
0.25314137928467195 4 17 3 10 22 
0.45794153339885046 4 17 4 7 22 
14 19
4
0.08763103427737574 4 14 2 8 19 
0.31392574227940084 4 14 4 6 19 
0.26931731886000176 4 14 4 7 19 
0.32912590458322166 4 14 5 6 19 
12 22
4
0.11063834539444295 4 12 2 8 22 
0.18151923449179547 4 12 3 9 22 
0.2720371176926055 4 12 3 10 22 
0.43580530242115606 4 12 4 7 22 
16 23
5
0.12468404732124244 4 16 3 10 23 
0.19974537657464486 4 16 4 7 23 
0.21665373075434052 4 16 1 11 23 
0.397287925489145 4 16 4 6 23 
0.06162891986062718 4 16 3 6 23 
13 18
5
0.11139774859287055 4 13 3 9 18 
0.23503994311921142 4 13 4 7 18 
0.46748805056731885 4 13 4 6 18 
0.18607425772059918 4 13 3 6 18 
0.0 4 13 5 6 18 
16 21
5
0.06544082611155781 4 16 2 8 21 
0.08994321227552934 4 16 3 9 21 
0.18977216042764825 4 16 4 7 21 
0.3774513088537479 4 16 4 6 21 
0.27739249233151675 4 16 3 6 21 
16 22
5
0.08139015456088627 4 16 2 8 22 
0.11186446514190417 4 16 3 9 22 
0.20847386015068942 4 16 3 10 22 
0.23602456148187856 4 16 4 7 22 
0.36224695866464157 4 16 1 11 22 
16 18
5
0.056505274874177315 4 16 2 8 18 
0.07766247133625183 4 16 3 9 18 
0.16386078352541766 4 16 4 7 18 
0.42358458783763664 4 16 4 6 18 
0.27838688242651655 4 16 3 6 18 
12 21
5
0.04609046948985973 4 12 2 8 21 
0.06334734878942196 4 12 3 9 21 
0.13365775484677925 4 12 4 7 21 
0.3455093771404747 4 12 4 6 21 
0.41139504973346436 4 12 3 6 21 
12 18
5
0.04742547425474255 4 12 2 8 18 
0.06518303850620924 4 12 3 9 18 
0.13753061809464248 4 12 4 7 18 
0.3555207495756276 4 12 4 6 18 
0.3943401195687781 4 12 3 6 18 
13 21
5
0.05071110292146878 4 13 3 9 21 
0.10699581583727925 4 13 4 7 21 
0.2765874877155365 4 13 4 6 21 
0.5657055935257155 4 13 3 6 21 
0.0 4 13 5 6 21 
17 23
6
0.057518743113255305 4 17 4 7 23 
0.1486876098156586 4 17 4 6 23 
0.1629562003037613 4 17 3 10 23 
0.4738415378659281 4 17 3 6 23 
0.1569959089013967 4 17 5 6 23 
0.0 4 17 5 6 23 
16 19
6
0.03887381250186128 4 16 3 9 19 
0.04060852765121058 4 16 2 8 19 
0.06280757690818667 4 16 4 7 19 
0.16235919399029156 4 16 4 6 19 
0.177940453855088 4 16 3 10 19 
0.5174104350933619 4 16 3 6 19 
13 23
6
0.029553906459394264 4 13 4 7 23 
0.07639726465945978 4 13 4 6 23 
0.08372885583251437 4 13 3 10 23 
0.2434659683135293 4 13 3 6 23 
0.28529223994163017 4 13 1 11 23 
0.2815617647934721 4 13 5 6 23 
12 19
6
0.04966320095893267 4 12 3 9 19 
0.05187905759552101 4 12 2 8 19 
0.06130226480836237 4 12 4 7 19 
0.1584681832395247 4 12 4 6 19 
0.1736757906727419 4 12 3 10 19 
0.5050115027249173 4 12 3 6 19 
13 19
6
0.009981126596980255 4 13 3 9 19 
0.012320293189195627 4 13 4 7 19 
0.031848402275231544 4 13 4 6 19 
0.03490462789243277 4 13 3 10 19 
0.10149526117513923 4 13 3 6 19 
0.8094502888710206 4 13 5 6 19 
17 21
7
0.008920660978587808 4 17 3 9 21 
0.011010881056612763 4 17 4 7 21 
0.014526843414038535 4 17 2 8 21 
0.02846366032341642 4 17 4 6 21 
0.09070959528276601 4 17 3 6 21 
0.8463683589445784 4 17 5 6 21 
0.0 4 17 5 6 21 
17 18
7
0.004602485928705441 4 17 3 9 18 
0.005681564370588761 4 17 4 7 18 
0.007495384019774264 4 17 2 8 18 
0.014686448375472765 4 17 4 6 18 
0.046804271270734686 4 17 3 6 18 
0.9207298460347241 4 17 5 6 18 
0.0 4 17 5 6 18 
17 19
7
0.005350721433038506 4 17 4 7 19 
0.007059378629500581 4 17 2 8 19 
0.013833050418416272 4 17 4 6 19 
0.044084472438130975 4 17 3 6 19 
0.06245114133833646 4 17 3 10 19 
0.8672212357425773 4 17 5 6 19 
0.0 4 17 5 6 19 
36
14 20
2
0.5 4 14 1 11 20 
0.5 4 14 2 8 20 
14 22
3
0.320359345514369 4 14 1 11 22 
0.320359345514369 4 14 2 8 22 
0.35928130897126204 4 14 4 7 22 
15 23
3
0.451229486840685 4 15 1 11 23 
0.548770513159315 4 15 3 10 23 
0.0 4 15 3 6 23 
17 20
3
0.451229486840685 4 17 2 8 20 
0.4835215450982436 4 17 3 10 20 
0.06524896806107143 4 17 3 9 20 
15 18
3
0.45122902158417977 4 15 2 8 18 
0.5487709784158202 4 15 3 9 18 
0.0 4 15 3 6 18 
15 21
3
0.45122902158417977 4 15 2 8 21 
0.5487709784158202 4 15 3 9 21 
0.0 4 15 3 6 21 
13 20
3
0.4201173190803554 4 13 1 11 20 
0.4337870204601201 4 13 3 9 20 
0.14609566045952455 4 13 3 10 20 
12 20
3
0.3459577584313784 4 12 2 8 20 
0.4277912598773956 4 12 3 9 20 
0.226250981691226 4 12 3 10 20 
12 23
4
0.3743546892272648 4 12 3 10 23 
0.418222794591114 4 12 3 6 23 
0.20742251618162125 4 12 4 7 23 
0.0 4 12 4 6 23 
14 21
4
0.19474660269699892 4 14 2 8 21 
0.37629155205848086 4 14 4 7 21 
0.36059658911150894 4 14 4 6 21 
0.06836525613301125 4 14 5 6 21 
13 22
4
0.24370880153646307 4 13 3 9 22 
0.26678878099073583 4 13 3 10 22 
0.2749991625382906 4 13 1 11 22 
0.2145032549345105 4 13 4 7 22 
15 22
4
0.25279712210936134 4 15 2 8 22 
0.3122089820559871 4 15 3 9 22 
0.34177603296249287 4 15 3 10 22 
0.09321786287215868 4 15 1 11 22 
14 23
4
0.25027682762060377 4 14 1 11 23 
0.33865974489055306 4 14 4 7 23 
0.3114980701160164 4 14 4 6 23 
0.09956535737282679 4 14 5 6 23 
15 19
4
0.4158118353810823 4 15 2 8 19 
0.5135347769932519 4 15 3 9 19 
0.07065338762566578 4 15 3 10 19 
0.0 4 15 3 6 19 
16 20
4
0.17073471446277763 4 16 2 8 20 
0.21086076175517085 4 16 3 9 20 
0.29894684537479205 4 16 3 10 20 
0.31945767840725947 4 16 1 11 20 
15 20
4
0.22212136495092474 4 15 2 8 20 
0.27432361009271633 4 15 3 9 20 
0.3048551377345358 4 15 3 10 20 
0.19869988722182313 4 15 1 11 20 
14 18
4
0.1028905456156088 4 14 2 8 18 
0.35178695718523534 4 14 4 6 18 
0.3086520960736073 4 14 4 7 18 
0.23667040112554855 4 14 5 6 18 
17 22
4
0.11997802128269358 4 17 2 8 22 
0.1688829935720161 4 17 3 9 22 
0.2531325720496224 4 17 3 10 22 
0.4580064130956679 4 17 4 7 22 
14 19
4
0.08759198121108129 4 14 2 8 19 
0.3139155429171211 4 14 4 6 19 
0.26929744406686296 4 14 4 7 19 
0.3291950318049347 4 14 5 6 19 
12 22
4
0.11061054680666545 4 12 2 8 22 
0.18149330588940293 4 12 3 9 22 
0.27203361757404093 4 12 3 10 22 
0.4358625297298907 4 12 4 7 22 
16 23
5
0.12464780082555114 4 16 3 10 23 
0.19971554217271065 4 16 4 7 23 
0.21664203908899055 4 16 1 11 23 
0.3973472004585568 4 16 4 6 23 
0.06164741745419085 4 16 3 6 23 
13 18
5
0.11134844362393875 4 13 3 9 18 
0.2349894293722015 4 13 4 7 18 
0.46752695696191227 4 13 4 6 18 
0.18613517004194752 4 13 3 6 18 
0.0 4 13 5 6 18 
16 21
5
0.0654062247598346 4 16 2 8 21 
0.08990011873346013 4 16 3 9 21 
0.18972415872318726 4 16 4 7 21 
0.37746911627318375 4 16 4 6 21 
0.2775003815103343 4 16 3 6 21 
16 22
5
0.08136545340176947 4 16 2 8 22 
0.11183556718490038 4 16 3 9 22 
0.2084642254968009 4 16 3 10 22 
0.23601764624872984 4 16 4 7 22 
0.3623171076677994 4 16 1 11 22 
16 18
5
0.056467251525110826 4 16 2 8 18 
0.07761362494370397 4 16 3 9 18 
0.16379494843096895 4 16 4 7 18 
0.4236207005646353 4 16 4 6 18 
0.27850347453558094 4 16 3 6 18 
12 21
5
0.046052949912345674 4 12 2 8 21 
0.06329907804770926 4 12 3 9 21 
0.13358584354726447 4 12 4 7 21 
0.3454911061566463 4 12 4 6 21 
0.4115710223360343 4 12 3 6 21 
12 18
5
0.047387770825811686 4 12 2 8 18 
0.06513404970428296 4 12 3 9 18 
0.13745863869668626 4 12 4 7 18 
0.35550714820094614 4 12 4 6 18 
0.39451239257227294 4 12 3 6 18 
13 21
5
0.05065852405748337 4 13 3 9 21 
0.10690989656417375 4 13 4 7 21 
0.2764996147676137 4 13 4 6 21 
0.5659319646107291 4 13 3 6 21 
0.0 4 13 5 6 21 
17 23
6
0.05745406057267493 4 17 4 7 23 
0.14859222686651605 4 17 4 6 23 
0.16287932362870297 4 17 3 10 23 
0.473678113217379 4 17 3 6 23 
0.15739627571472703 4 17 5 6 23 
0.0 4 17 5 6 23 
16 19
6
0.03884659190304799 4 16 3 9 19 
0.04058711648906275 4 16 2 8 19 
0.06277008140127815 4 16 4 7 19 
0.16234148710867274 4 16 4 6 19 
0.17795037760217963 4 16 3 10 19 
0.5175043454957587 4 16 3 6 19 
13 23
6
0.029506567560827635 4 13 4 7 23 
0.07631276775511875 4 13 4 6 23 
0.08364986284238227 4 13 3 10 23 
0.24326727311301266 4 13 3 6 23 
0.2852762134820169 4 13 1 11 23 
0.2819873152466418 4 13 5 6 23 
12 19
6
0.04963682077202804 4 12 3 9 19 
0.051860746866962695 4 12 2 8 19 
0.061264976606902916 4 12 4 7 19 
0.1584496164425371 4 12 4 6 19 
0.17368490596235517 4 12 3 10 19 
0.5051029333492141 4 12 3 6 19 
13 19
6
0.009933226386371334 4 13 3 9 19 
0.012260439425464047 4 13 4 7 19 
0.03170862660001712 4 13 4 6 19 
0.03475745247870056 4 13 3 10 19 
0.10107930204080114 4 13 3 6 19 
0.8102609530686458 4 13 5 6 19 
17 21
7
0.008876163606519546 4 17 3 9 21 
0.010954929671826671 4 17 4 7 21 
0.014461102695137883 4 17 2 8 21 
0.028333190654671735 4 17 4 6 21 
0.0903207106141758 4 17 3 6 21 
0.8470539027576683 4 17 5 6 21 
0.0 4 17 5 6 21 
17 18
7
0.0045823113198768745 4 17 3 9 18 
0.005656123333916455 4 17 4 7 18 
0.007466436395713685 4 17 2 8 18 
0.014628595037015808 4 17 4 6 18 
0.04663219426134016 4 17 3 6 18 
0.921034339652137 4 17 5 6 18 
0.0 4 17 5 6 18 
17 19
8
0.004297574338684404 4 17 3 9 19 
0.005304389415972814 4 17 4 7 19 
0.007002110403507662 4 17 2 8 19 
0.013719018569317636 4 17 4 6 19 
0.04373504200335729 4 17 3 6 19 
0.06213081896311074 4 17 3 10 19 
0.8638110463060494 4 17 5 6 19 
0.0 4 17 5 6 19 
36
14 20
1
1.0 4 14 1 11 20 
14 22
1
1.0 4 14 1 11 22 
15 23
1
1.0 4 15 1 11 23 
17 20
1
1.0 4 17 2 8 20 
15 18
1
1.0 4 15 2 8 18 
15 21
1
1.0 4 15 2 8 21 
13 20
1
1.0 4 13 1 11 20 
12 20
1
1.0 4 12 2 8 20 
12 23
1
1.0 4 12 4 7 23 
14 21
1
1.0 4 14 2 8 21 
13 22
1
1.0 4 13 1 11 22 
15 22
1
1.0 4 15 3 10 22 
14 23
1
1.0 4 14 4 7 23 
15 19
1
1.0 4 15 3 10 19 
16 20
1
1.0 4 16 3 10 20 
15 20
1
1.0 4 15 3 10 20 
14 18
1
1.0 4 14 4 7 18 
17 22
1
1.0 4 17 3 10 22 
14 19
1
1.0 4 14 4 7 19 
12 22
1
1.0 4 12 4 7 22 
16 23
1
1.0 4 16 3 6 23 
13 18
1
1.0 4 13 3 6 18 
16 21
1
1.0 4 16 3 9 21 
16 22
1
1.0 4 16 3 9 22 
16 18
1
1.0 4 16 3 9 18 
12 21
1
1.0 4 12 3 9 21 
12 18
1
1.0 4 12 3 9 18 
13 21
1
1.0 4 13 3 6 21 
17 23
1
1.0 4 17 3 6 23 
16 19
1
1.0 4 16 4 6 19 
13 23
1
1.0 4 13 3 6 23 
12 19
1
1.0 4 12 4 6 19 
13 19
1
1.0 4 13 5 6 19 
17 21
1
1.0 4 17 4 6 21 
17 18
1
1.0 4 17 4 6 18 
17 19
1
1.0 4 17 4 6 19 
36
14 20
2
0.5 4 14 1 11 20 
0.5 4 14 2 8 20 
14 22
2
0.4719568248231642 4 14 2 8 22 
0.5280431751768359 4 14 4 7 22 
15 23
2
0.4719568248231642 4 15 1 11 23 
0.5280431751768359 4 15 3 10 23 
17 20
2
0.44243926651930743 4 17 2 8 20 
0.5575607334806926 4 17 3 9 20 
15 18
2
0.44069155069799487 4 15 2 8 18 
0.5593084493020051 4 15 3 6 18 
15 21
2
0.44069155069799487 4 15 2 8 21 
0.5593084493020051 4 15 3 9 21 
13 20
2
0.4719568248231642 4 13 1 11 20 
0.5280431751768359 4 13 3 10 20 
12 20
2
0.3977645561523108 4 12 2 8 20 
0.6022354438476891 4 12 3 10 20 
12 23
2
0.3931008170559601 4 12 3 10 23 
0.6068991829440399 4 12 4 6 23 
14 21
2
0.470290729181397 4 14 4 7 21 
0.529709270818603 4 14 5 6 21 
13 22
2
0.4918806902789417 4 13 3 9 22 
0.5081193097210583 4 13 4 7 22 
15 22
2
0.48397065090195046 4 15 3 9 22 
0.5160293490980495 4 15 1 11 22 
14 23
2
0.43839906763180947 4 14 4 7 23 
0.5616009323681905 4 14 5 6 23 
15 19
2
0.4386890090835667 4 15 2 8 19 
0.5613109909164333 4 15 3 10 19 
16 20
2
0.48761935764918696 4 16 3 9 20 
0.512380642350813 4 16 1 11 20 
15 20
2
0.47416578956609384 4 15 3 10 20 
0.5258342104339062 4 15 1 11 20 
14 18
2
0.4330937559613576 4 14 4 7 18 
0.5669062440386424 4 14 5 6 18 
17 22
2
0.4772925067929818 4 17 3 9 22 
0.5227074932070181 4 17 4 7 22 
14 19
2
0.37207033381704363 4 14 4 7 19 
0.6279296661829564 4 14 5 6 19 
12 22
2
0.48843413583685835 4 12 2 8 22 
0.5115658641631416 4 12 3 9 22 
16 23
2
0.32568539596701407 4 16 1 11 23 
0.6743146040329859 4 16 3 6 23 
13 18
2
0.24117576715850733 4 13 3 9 18 
0.7588242328414927 4 13 4 6 18 
16 21
2
0.29228660831140185 4 16 4 7 21 
0.7077133916885981 4 16 3 6 21 
16 22
2
0.46056274266581 4 16 1 11 22 
0.53943725733419 4 16 3 10 22 
16 18
2
0.2780011787472441 4 16 2 8 18 
0.7219988212527558 4 16 4 6 18 
12 21
2
0.29228660831140185 4 12 4 7 21 
0.7077133916885981 4 12 3 6 21 
12 18
2
0.29926892994995546 4 12 3 9 18 
0.7007310700500445 4 12 4 6 18 
13 21
2
0.25986204291513115 4 13 4 7 21 
0.7401379570848688 4 13 5 6 21 
17 23
2
0.22285061324277922 4 17 4 7 23 
0.7771493867572208 4 17 3 6 23 
16 19
2
0.36035309269300086 4 16 3 10 19 
0.6396469073069991 4 16 4 6 19 
13 23
2
0.35443705328374114 4 13 1 11 23 
0.6455629467162588 4 13 5 6 23 
12 19
2
0.38696554204815403 4 12 2 8 19 
0.613034457951846 4 12 3 6 19 
13 19
2
0.36035309269300086 4 13 3 10 19 
0.6396469073069991 4 13 4 6 19 
17 21
2
0.3659787161145758 4 17 3 9 21 
0.6340212838854242 4 17 5 6 21 
17 18
2
0.3869650675122264 4 17 2 8 18 
0.6130349324877736 4 17 3 6 18 
17 19
2
0.3603526181570733 4 17 3 10 19 
0.6396473818429267 4 17 4 6 19 
36
14 20
2
0.5 4 14 1 11 20 
0.5 4 14 2 8 20 
14 22
3
0.3203322207300832 4 14 1 11 22 
0.3203322207300832 4 14 2 8 22 
0.3593355585398336 4 14 4 7 22 
15 23
2
0.45112764846938114 4 15 1 11 23 
0.5488723515306189 4 15 3 10 23 
17 20
2
0.45112764846938114 4 17 2 8 20 
0.5488723515306189 4 17 3 9 20 
15 18
2
0.45112764846938114 4 15 2 8 18 
0.5488723515306189 4 15 3 9 18 
15 21
2
0.45112764846938114 4 15 2 8 21 
0.5488723515306189 4 15 3 9 21 
13 20
2
0.45112764846938114 4 13 1 11 20 
0.5488723515306189 4 13 3 10 20 
12 20
2
0.409451926809652 4 12 2 8 20 
0.5905480731903481 4 12 3 10 20 
12 23
2
0.3878151369765053 4 12 3 10 23 
0.6121848630234947 4 12 4 6 23 
14 21
3
0.18601695466188192 4 14 2 8 21 
0.39047359006792637 4 14 4 7 21 
0.4235094552701917 4 14 5 6 21 
13 22
3
0.29729538966189123 4 13 1 11 22 
0.3051267977643919 4 13 3 9 22 
0.39757781257371694 4 13 4 7 22 
15 22
3
0.2595541785774652 4 15 2 8 22 
0.36541029798821273 4 15 1 11 22 
0.37503552343432206 4 15 3 9 22 
14 23
3
0.22958911691992787 4 14 1 11 23 
0.3575454560651737 4 14 4 7 23 
0.4128654270148985 4 14 5 6 23 
15 19
2
0.3790285431955674 4 15 2 8 19 
0.6209714568044326 4 15 3 6 19 
16 20
3
0.20953764741064346 4 16 2 8 20 
0.34814033660427546 4 16 1 11 20 
0.4423220159850811 4 16 3 10 20 
15 20
3
0.2151995720470971 4 15 2 8 20 
0.357547313499648 4 15 1 11 20 
0.42725311445325487 4 15 3 10 20 
14 18
3
0.101227392700654 4 14 2 8 18 
0.40566415355782287 4 14 4 7 18 
0.4931084537415231 4 14 5 6 18 
17 22
3
0.11910102028875676 4 17 2 8 22 
0.4036079735947115 4 17 3 9 22 
0.47729100611653175 4 17 4 7 22 
14 19
3
0.0915185827031987 4 14 2 8 19 
0.3667564736235017 4 14 4 7 19 
0.5417249436732996 4 14 5 6 19 
12 22
3
0.11028517191484777 4 12 2 8 22 
0.4419630667729119 4 12 4 7 22 
0.4477517613122403 4 12 3 9 22 
16 23
3
0.20485134023184498 4 16 1 11 23 
0.22459958356319085 4 16 4 7 23 
0.5705490762049642 4 16 3 6 23 
13 18
2
0.26339999665661795 4 13 3 9 18 
0.736600003343382 4 13 4 6 18 
16 21
3
0.0710431537751427 4 16 2 8 21 
0.239346684572335 4 16 4 7 21 
0.6896101616525223 4 16 3 6 21 
16 22
3
0.25650055630162505 4 16 4 7 22 
0.2931449523289442 4 16 1 11 22 
0.45035449136943073 4 16 3 10 22 
16 18
3
0.05969376477821304 4 16 2 8 18 
0.2476763494725815 4 16 3 9 18 
0.6926298857492055 4 16 4 6 18 
12 21
3
0.06080311751802176 4 12 2 8 21 
0.18961248344561524 4 12 4 7 21 
0.749584399036363 4 12 3 6 21 
12 18
3
0.0439979791112919 4 12 2 8 18 
0.25181099861249645 4 12 3 9 18 
0.7041910222762117 4 12 4 6 18 
13 21
3
0.12813325977892814 4 13 4 7 21 
0.17060024852473266 4 13 3 9 21 
0.7012664916963391 4 13 5 6 21 
17 23
3
0.10277602869364776 4 17 4 7 23 
0.33473476764423443 4 17 3 10 23 
0.5624892036621179 4 17 5 6 23 
16 19
3
0.04924662457720148 4 16 2 8 19 
0.11388395120891123 4 16 4 7 19 
0.8368694242138873 4 16 3 6 19 
13 23
3
0.2235496687265615 4 13 1 11 23 
0.24846065117937802 4 13 3 10 23 
0.5279896800940604 4 13 4 6 23 
12 19
3
0.033061404926287716 4 12 2 8 19 
0.30941561396567835 4 12 3 10 19 
0.657522981108034 4 12 4 6 19 
13 19
3
0.07305939889705541 4 13 4 7 19 
0.2332626579515841 4 13 3 9 19 
0.6936779431513604 4 13 5 6 19 
17 21
3
0.027062355932738584 4 17 2 8 21 
0.0652878930563527 4 17 4 7 21 
0.9076497510109087 4 17 3 6 21 
17 18
3
0.015749186908058852 4 17 4 7 18 
0.2476842435690975 4 17 3 9 18 
0.7365665695228436 4 17 5 6 18 
17 19
3
0.0068929393343326335 4 17 2 8 19 
0.31778892857607216 4 17 3 10 19 
0.6753181320895952 4 17 4 6 19 
36
14 20
2
0.5 4 14 1 11 20 
0.5 4 14 2 8 20 
14 22
3
0.32031523204117013 4 14 1 11 22 
0.32031523204117013 4 14 2 8 22 
0.35936953591765974 4 14 4 7 22 
15 23
2
0.45106362058618094 4 15 1 11 23 
0.548936379413819 4 15 3 10 23 
17 20
2
0.45106362058618094 4 17 2 8 20 
0.548936379413819 4 17 3 9 20 
15 18
2
0.45106315679139347 4 15 2 8 18 
0.5489368432086066 4 15 3 9 18 
15 21
2
0.45106315679139347 4 15 2 8 21 
0.5489368432086066 4 15 3 9 21 
13 20
2
0.45106315679139347 4 13 1 11 20 
0.5489368432086066 4 13 3 10 20 
12 20
2
0.4093109586359981 4 12 2 8 20 
0.5906890413640019 4 12 3 10 20 
12 23
2
0.38762623334628865 4 12 3 10 23 
0.6123737666537113 4 12 4 6 23 
14 21
3
0.1858165988444089 4 14 2 8 21 
0.39054721291798344 4 14 4 7 21 
0.4236361882376076 4 14 5 6 21 
13 22
3
0.2972525724377889 4 13 1 11 22 
0.3050628766593418 4 13 3 9 22 
0.3976845509028693 4 13 4 7 22 
15 22
3
0.2594347454647827 4 15 2 8 22 
0.3654814236273761 4 15 1 11 22 
0.3750838309078412 4 15 3 9 22 
14 23
3
0.22942768650811687 4 14 1 11 23 
0.3575755776795976 4 14 4 7 23 
0.4129967358122856 4 14 5 6 23 
15 19
2
0.3788247996638415 4 15 2 8 19 
0.6211752003361585 4 15 3 6 19 
16 20
3
0.20928739786079292 4 16 2 8 20 
0.3481675004150963 4 16 1 11 20 
0.44254510172411077 4 16 3 10 20 
15 20
3
0.2149684202129189 4 15 2 8 20 
0.3576182468000479 4 15 1 11 20 
0.4274133329870332 4 15 3 9 20 
14 18
3
0.10088325079332099 4 14 2 8 18 
0.40574576810446145 4 14 4 7 18 
0.4933709811022176 4 14 5 6 18 
17 22
3
0.12292463427462032 4 17 2 8 22 
0.38268171711671767 4 17 3 10 22 
0.49439364860866203 4 17 4 7 22 
14 19
3
0.09079617795991514 4 14 2 8 19 
0.3651757828624116 4 14 4 7 19 
0.5440280391776733 4 14 5 6 19 
12 22
3
0.11014105854667121 4 12 2 8 22 
0.4429792136452137 4 12 4 7 22 
0.44687972780811513 4 12 3 9 22 
16 23
3
0.2050928378026145 4 16 1 11 23 
0.22221799653638052 4 16 4 7 23 
0.5726891656610049 4 16 3 6 23 
13 18
2
0.25975847422645987 4 13 3 9 18 
0.7402415257735402 4 13 4 6 18 
16 21
3
0.0701535995577253 4 16 2 8 21 
0.23696064144674292 4 16 4 7 21 
0.6928857589955318 4 16 3 6 21 
16 22
4
0.06908316118816804 4 16 2 8 22 
0.2333448972833684 4 16 4 7 22 
0.27034227127728155 4 16 1 11 22 
0.42722967025118197 4 16 3 10 22 
16 18
3
0.044781241912578394 4 16 2 8 18 
0.24812603716109355 4 16 3 9 18 
0.707092720926328 4 16 4 6 18 
12 21
3
0.04508085334530542 4 12 2 8 21 
0.1946426136505937 4 12 4 7 21 
0.7602765330041009 4 12 3 6 21 
12 18
3
0.03264651509234618 4 12 2 8 18 
0.2512784503317524 4 12 3 9 18 
0.7160750345759014 4 12 4 6 18 
13 21
3
0.1294302837589269 4 13 4 7 21 
0.16571387757487271 4 13 3 9 21 
0.7048558386662004 4 13 5 6 21 
17 23
3
0.10116894838242292 4 17 4 7 23 
0.3471276725015143 4 17 3 10 23 
0.5517033791160628 4 17 5 6 23 
16 19
3
0.03607256718763189 4 16 2 8 19 
0.11688417096217939 4 16 4 7 19 
0.8470432618501887 4 16 3 6 19 
13 23
3
0.22643760151308412 4 13 1 11 23 
0.26020603619640037 4 13 3 10 23 
0.5133563622905155 4 13 4 6 23 
12 19
3
0.023290846638832796 4 12 2 8 19 
0.32853924121317585 4 12 3 10 19 
0.6481699121479914 4 12 4 6 19 
13 19
3
0.07280557815266826 4 13 4 7 19 
0.22630449240907072 4 13 3 9 19 
0.700889929438261 4 13 5 6 19 
17 21
3
0.01969597324089594 4 17 2 8 21 
0.06601886902713477 4 17 4 7 21 
0.9142851577319693 4 17 3 6 21 
17 18
4
0.00400301281093962 4 17 2 8 18 
0.01341851079204091 4 17 4 7 18 
0.2398227190804248 4 17 3 9 18 
0.7427557573165947 4 17 5 6 18 
17 19
3
1.4331258933847094E-4 4 17 2 8 19 
0.3363249643109911 4 17 3 10 19 
0.6635317230996705 4 17 4 6 19 
36
14 20
2
0.5 4 14 1 11 20 
0.5 4 14 2 8 20 
14 22
3
0.32031523204117013 4 14 1 11 22 
0.32031523204117013 4 14 2 8 22 
0.35936953591765974 4 14 4 7 22 
15 23
2
0.45106362058618094 4 15 1 11 23 
0.548936379413819 4 15 3 10 23 
17 20
2
0.45106362058618094 4 17 2 8 20 
0.548936379413819 4 17 3 9 20 
15 18
2
0.45106315679139347 4 15 2 8 18 
0.5489368432086066 4 15 3 9 18 
15 21
2
0.45106315679139347 4 15 2 8 21 
0.5489368432086066 4 15 3 9 21 
13 20
2
0.45106315679139347 4 13 1 11 20 
0.5489368432086066 4 13 3 10 20 
12 20
2
0.4093109586359981 4 12 2 8 20 
0.5906890413640019 4 12 3 10 20 
12 23
2
0.38762623334628865 4 12 3 10 23 
0.6123737666537113 4 12 4 6 23 
14 21
3
0.1858165988444089 4 14 2 8 21 
0.39054721291798344 4 14 4 7 21 
0.4236361882376076 4 14 5 6 21 
13 22
3
0.2972525724377889 4 13 1 11 22 
0.3050628766593418 4 13 3 9 22 
0.3976845509028693 4 13 4 7 22 
15 22
3
0.2594347454647827 4 15 2 8 22 
0.3654814236273761 4 15 1 11 22 
0.3750838309078412 4 15 3 9 22 
14 23
3
0.22942768650811687 4 14 1 11 23 
0.3575755776795976 4 14 4 7 23 
0.4129967358122856 4 14 5 6 23 
15 19
2
0.3788247996638415 4 15 2 8 19 
0.6211752003361585 4 15 3 6 19 
16 20
3
0.20928739786079292 4 16 2 8 20 
0.3481675004150963 4 16 1 11 20 
0.44254510172411077 4 16 3 10 20 
15 20
3
0.2149684202129189 4 15 2 8 20 
0.3576182468000479 4 15 1 11 20 
0.4274133329870332 4 15 3 9 20 
14 18
3
0.10088325079332099 4 14 2 8 18 
0.40574576810446145 4 14 4 7 18 
0.4933709811022176 4 14 5 6 18 
17 22
3
0.12292463427462032 4 17 2 8 22 
0.38268171711671767 4 17 3 10 22 
0.49439364860866203 4 17 4 7 22 
14 19
3
0.09079617795991514 4 14 2 8 19 
0.3651757828624116 4 14 4 7 19 
0.5440280391776733 4 14 5 6 19 
12 22
3
0.11014105854667121 4 12 2 8 22 
0.4429792136452137 4 12 4 7 22 
0.44687972780811513 4 12 3 9 22 
16 23
3
0.2050928378026145 4 16 1 11 23 
0.22221799653638052 4 16 4 7 23 
0.5726891656610049 4 16 3 6 23 
13 18
2
0.25975847422645987 4 13 3 9 18 
0.7402415257735402 4 13 4 6 18 
16 21
3
0.0701535995577253 4 16 2 8 21 
0.23696064144674292 4 16 4 7 21 
0.6928857589955318 4 16 3 6 21 
16 22
4
0.06908316118816804 4 16 2 8 22 
0.2333448972833684 4 16 4 7 22 
0.27034227127728155 4 16 1 11 22 
0.42722967025118197 4 16 3 10 22 
16 18
3
0.044781241912578394 4 16 2 8 18 
0.24812603716109355 4 16 3 9 18 
0.707092720926328 4 16 4 6 18 
12 21
3
0.04508085334530542 4 12 2 8 21 
0.1946426136505937 4 12 4 7 21 
0.7602765330041009 4 12 3 6 21 
12 18
3
0.03264651509234618 4 12 2 8 18 
0.2512784503317524 4 12 3 9 18 
0.7160750345759014 4 12 4 6 18 
13 21
3
0.1294302837589269 4 13 4 7 21 
0.16571387757487271 4 13 3 9 21 
0.7048558386662004 4 13 5 6 21 
17 23
3
0.10116894838242292 4 17 4 7 23 
0.3471276725015143 4 17 3 10 23 
0.5517033791160628 4 17 5 6 23 
16 19
3
0.03607256718763189 4 16 2 8 19 
0.11688417096217939 4 16 4 7 19 
0.8470432618501887 4 16 3 6 19 
13 23
3
0.22643760151308412 4 13 1 11 23 
0.26020603619640037 4 13 3 10 23 
0.5133563622905155 4 13 4 6 23 
12 19
3
0.023290846638832796 4 12 2 8 19 
0.32853924121317585 4 12 3 10 19 
0.6481699121479914 4 12 4 6 19 
13 19
3
0.07280557815266826 4 13 4 7 19 
0.22630449240907072 4 13 3 9 19 
0.700889929438261 4 13 5 6 19 
17 21
3
0.01969597324089594 4 17 2 8 21 
0.06601886902713477 4 17 4 7 21 
0.9142851577319693 4 17 3 6 21 
17 18
4
0.00400301281093962 4 17 2 8 18 
0.01341851079204091 4 17 4 7 18 
0.2398227190804248 4 17 3 9 18 
0.7427557573165947 4 17 5 6 18 
17 19
3
1.4331258933847094E-4 4 17 2 8 19 
0.3363249643109911 4 17 3 10 19 
0.6635317230996705 4 17 4 6 19 
36
14 20
2
0.5 4 14 1 11 20 
0.5 4 14 2 8 20 
14 22
3
0.32031523204117013 4 14 1 11 22 
0.32031523204117013 4 14 2 8 22 
0.35936953591765974 4 14 4 7 22 
15 23
2
0.45106362058618094 4 15 1 11 23 
0.548936379413819 4 15 3 10 23 
17 20
2
0.45106362058618094 4 17 2 8 20 
0.548936379413819 4 17 3 9 20 
15 18
2
0.45106315679139347 4 15 2 8 18 
0.5489368432086066 4 15 3 9 18 
15 21
2
0.45106315679139347 4 15 2 8 21 
0.5489368432086066 4 15 3 9 21 
13 20
2
0.45106315679139347 4 13 1 11 20 
0.5489368432086066 4 13 3 10 20 
12 20
2
0.4093109586359981 4 12 2 8 20 
0.5906890413640019 4 12 3 10 20 
12 23
2
0.38762623334628865 4 12 3 10 23 
0.6123737666537113 4 12 4 6 23 
14 21
3
0.1858165988444089 4 14 2 8 21 
0.39054721291798344 4 14 4 7 21 
0.4236361882376076 4 14 5 6 21 
13 22
3
0.2972525724377889 4 13 1 11 22 
0.3050628766593418 4 13 3 9 22 
0.3976845509028693 4 13 4 7 22 
15 22
3
0.2594347454647827 4 15 2 8 22 
0.3654814236273761 4 15 1 11 22 
0.3750838309078412 4 15 3 9 22 
14 23
3
0.22942768650811687 4 14 1 11 23 
0.3575755776795976 4 14 4 7 23 
0.4129967358122856 4 14 5 6 23 
15 19
2
0.3788247996638415 4 15 2 8 19 
0.6211752003361585 4 15 3 6 19 
16 20
3
0.20928739786079292 4 16 2 8 20 
0.3481675004150963 4 16 1 11 20 
0.44254510172411077 4 16 3 10 20 
15 20
3
0.2149684202129189 4 15 2 8 20 
0.3576182468000479 4 15 1 11 20 
0.4274133329870332 4 15 3 9 20 
14 18
3
0.10088325079332099 4 14 2 8 18 
0.40574576810446145 4 14 4 7 18 
0.4933709811022176 4 14 5 6 18 
17 22
3
0.12292463427462032 4 17 2 8 22 
0.38268171711671767 4 17 3 10 22 
0.49439364860866203 4 17 4 7 22 
14 19
3
0.09079617795991514 4 14 2 8 19 
0.3651757828624116 4 14 4 7 19 
0.5440280391776733 4 14 5 6 19 
12 22
3
0.11014105854667121 4 12 2 8 22 
0.4429792136452137 4 12 4 7 22 
0.44687972780811513 4 12 3 9 22 
16 23
3
0.2050928378026145 4 16 1 11 23 
0.22221799653638052 4 16 4 7 23 
0.5726891656610049 4 16 3 6 23 
13 18
2
0.25975847422645987 4 13 3 9 18 
0.7402415257735402 4 13 4 6 18 
16 21
3
0.0701535995577253 4 16 2 8 21 
0.23696064144674292 4 16 4 7 21 
0.6928857589955318 4 16 3 6 21 
16 22
4
0.06908316118816804 4 16 2 8 22 
0.2333448972833684 4 16 4 7 22 
0.27034227127728155 4 16 1 11 22 
0.42722967025118197 4 16 3 10 22 
16 18
3
0.044781241912578394 4 16 2 8 18 
0.24812603716109355 4 16 3 9 18 
0.707092720926328 4 16 4 6 18 
12 21
3
0.04508085334530542 4 12 2 8 21 
0.1946426136505937 4 12 4 7 21 
0.7602765330041009 4 12 3 6 21 
12 18
3
0.03264651509234618 4 12 2 8 18 
0.2512784503317524 4 12 3 9 18 
0.7160750345759014 4 12 4 6 18 
13 21
3
0.1294302837589269 4 13 4 7 21 
0.16571387757487271 4 13 3 9 21 
0.7048558386662004 4 13 5 6 21 
17 23
3
0.10116894838242292 4 17 4 7 23 
0.3471276725015143 4 17 3 10 23 
0.5517033791160628 4 17 5 6 23 
16 19
3
0.03607256718763189 4 16 2 8 19 
0.11688417096217939 4 16 4 7 19 
0.8470432618501887 4 16 3 6 19 
13 23
3
0.22643760151308412 4 13 1 11 23 
0.26020603619640037 4 13 3 10 23 
0.5133563622905155 4 13 4 6 23 
12 19
3
0.023290846638832796 4 12 2 8 19 
0.32853924121317585 4 12 3 10 19 
0.6481699121479914 4 12 4 6 19 
13 19
3
0.07280557815266826 4 13 4 7 19 
0.22630449240907072 4 13 3 9 19 
0.700889929438261 4 13 5 6 19 
17 21
3
0.01969597324089594 4 17 2 8 21 
0.06601886902713477 4 17 4 7 21 
0.9142851577319693 4 17 3 6 21 
17 18
4
0.00400301281093962 4 17 2 8 18 
0.01341851079204091 4 17 4 7 18 
0.2398227190804248 4 17 3 9 18 
0.7427557573165947 4 17 5 6 18 
17 19
3
1.4331258933847094E-4 4 17 2 8 19 
0.3363249643109911 4 17 3 10 19 
0.6635317230996705 4 17 4 6 19 
36
14 20
2
0.5 4 14 1 11 20 
0.5 4 14 2 8 20 
14 22
3
0.32031523204117013 4 14 1 11 22 
0.32031523204117013 4 14 2 8 22 
0.35936953591765974 4 14 4 7 22 
15 23
2
0.45106362058618094 4 15 1 11 23 
0.548936379413819 4 15 3 10 23 
17 20
2
0.45106362058618094 4 17 2 8 20 
0.548936379413819 4 17 3 9 20 
15 18
2
0.45106315679139347 4 15 2 8 18 
0.5489368432086066 4 15 3 9 18 
15 21
2
0.45106315679139347 4 15 2 8 21 
0.5489368432086066 4 15 3 9 21 
13 20
2
0.45106315679139347 4 13 1 11 20 
0.5489368432086066 4 13 3 10 20 
12 20
2
0.4093109586359981 4 12 2 8 20 
0.5906890413640019 4 12 3 10 20 
12 23
2
0.38762623334628865 4 12 3 10 23 
0.6123737666537113 4 12 4 6 23 
14 21
3
0.1858165988444089 4 14 2 8 21 
0.39054721291798344 4 14 4 7 21 
0.4236361882376076 4 14 5 6 21 
13 22
3
0.2972525724377889 4 13 1 11 22 
0.3050628766593418 4 13 3 9 22 
0.3976845509028693 4 13 4 7 22 
15 22
3
0.2594347454647827 4 15 2 8 22 
0.3654814236273761 4 15 1 11 22 
0.3750838309078412 4 15 3 9 22 
14 23
3
0.22942768650811687 4 14 1 11 23 
0.3575755776795976 4 14 4 7 23 
0.4129967358122856 4 14 5 6 23 
15 19
2
0.3788247996638415 4 15 2 8 19 
0.6211752003361585 4 15 3 6 19 
16 20
3
0.20928739786079292 4 16 2 8 20 
0.3481675004150963 4 16 1 11 20 
0.44254510172411077 4 16 3 10 20 
15 20
3
0.2149684202129189 4 15 2 8 20 
0.3576182468000479 4 15 1 11 20 
0.4274133329870332 4 15 3 9 20 
14 18
3
0.10088325079332099 4 14 2 8 18 
0.40574576810446145 4 14 4 7 18 
0.4933709811022176 4 14 5 6 18 
17 22
3
0.12292463427462032 4 17 2 8 22 
0.38268171711671767 4 17 3 10 22 
0.49439364860866203 4 17 4 7 22 
14 19
3
0.09079617795991514 4 14 2 8 19 
0.3651757828624116 4 14 4 7 19 
0.5440280391776733 4 14 5 6 19 
12 22
3
0.11014105854667121 4 12 2 8 22 
0.4429792136452137 4 12 4 7 22 
0.44687972780811513 4 12 3 9 22 
16 23
3
0.2050928378026145 4 16 1 11 23 
0.22221799653638052 4 16 4 7 23 
0.5726891656610049 4 16 3 6 23 
13 18
2
0.25975847422645987 4 13 3 9 18 
0.7402415257735402 4 13 4 6 18 
16 21
3
0.0701535995577253 4 16 2 8 21 
0.23696064144674292 4 16 4 7 21 
0.6928857589955318 4 16 3 6 21 
16 22
4
0.06908316118816804 4 16 2 8 22 
0.2333448972833684 4 16 4 7 22 
0.27034227127728155 4 16 1 11 22 
0.42722967025118197 4 16 3 10 22 
16 18
3
0.044781241912578394 4 16 2 8 18 
0.24812603716109355 4 16 3 9 18 
0.707092720926328 4 16 4 6 18 
12 21
3
0.04508085334530542 4 12 2 8 21 
0.1946426136505937 4 12 4 7 21 
0.7602765330041009 4 12 3 6 21 
12 18
3
0.03264651509234618 4 12 2 8 18 
0.2512784503317524 4 12 3 9 18 
0.7160750345759014 4 12 4 6 18 
13 21
3
0.1294302837589269 4 13 4 7 21 
0.16571387757487271 4 13 3 9 21 
0.7048558386662004 4 13 5 6 21 
17 23
3
0.10116894838242292 4 17 4 7 23 
0.3471276725015143 4 17 3 10 23 
0.5517033791160628 4 17 5 6 23 
16 19
3
0.03607256718763189 4 16 2 8 19 
0.11688417096217939 4 16 4 7 19 
0.8470432618501887 4 16 3 6 19 
13 23
3
0.22643760151308412 4 13 1 11 23 
0.26020603619640037 4 13 3 10 23 
0.5133563622905155 4 13 4 6 23 
12 19
3
0.023290846638832796 4 12 2 8 19 
0.32853924121317585 4 12 3 10 19 
0.6481699121479914 4 12 4 6 19 
13 19
3
0.07280557815266826 4 13 4 7 19 
0.22630449240907072 4 13 3 9 19 
0.700889929438261 4 13 5 6 19 
17 21
3
0.01969597324089594 4 17 2 8 21 
0.06601886902713477 4 17 4 7 21 
0.9142851577319693 4 17 3 6 21 
17 18
4
0.00400301281093962 4 17 2 8 18 
0.01341851079204091 4 17 4 7 18 
0.2398227190804248 4 17 3 9 18 
0.7427557573165947 4 17 5 6 18 
17 19
3
1.4331258933847094E-4 4 17 2 8 19 
0.3363249643109911 4 17 3 10 19 
0.6635317230996705 4 17 4 6 19 
36
14 20
2
0.5 4 14 1 11 20 
0.5 4 14 2 8 20 
14 22
3
0.32031523204117013 4 14 1 11 22 
0.32031523204117013 4 14 2 8 22 
0.35936953591765974 4 14 4 7 22 
15 23
2
0.45106362058618094 4 15 1 11 23 
0.548936379413819 4 15 3 10 23 
17 20
2
0.45106362058618094 4 17 2 8 20 
0.548936379413819 4 17 3 9 20 
15 18
2
0.45106315679139347 4 15 2 8 18 
0.5489368432086066 4 15 3 9 18 
15 21
2
0.45106315679139347 4 15 2 8 21 
0.5489368432086066 4 15 3 9 21 
13 20
2
0.45106315679139347 4 13 1 11 20 
0.5489368432086066 4 13 3 10 20 
12 20
2
0.4093109586359981 4 12 2 8 20 
0.5906890413640019 4 12 3 10 20 
12 23
2
0.38762623334628865 4 12 3 10 23 
0.6123737666537113 4 12 4 6 23 
14 21
3
0.1858165988444089 4 14 2 8 21 
0.39054721291798344 4 14 4 7 21 
0.4236361882376076 4 14 5 6 21 
13 22
3
0.2972525724377889 4 13 1 11 22 
0.3050628766593418 4 13 3 9 22 
0.3976845509028693 4 13 4 7 22 
15 22
3
0.2594347454647827 4 15 2 8 22 
0.3654814236273761 4 15 1 11 22 
0.3750838309078412 4 15 3 9 22 
14 23
3
0.22942768650811687 4 14 1 11 23 
0.3575755776795976 4 14 4 7 23 
0.4129967358122856 4 14 5 6 23 
15 19
2
0.3788247996638415 4 15 2 8 19 
0.6211752003361585 4 15 3 6 19 
16 20
3
0.20928739786079292 4 16 2 8 20 
0.3481675004150963 4 16 1 11 20 
0.44254510172411077 4 16 3 10 20 
15 20
3
0.2149684202129189 4 15 2 8 20 
0.3576182468000479 4 15 1 11 20 
0.4274133329870332 4 15 3 9 20 
14 18
3
0.10088325079332099 4 14 2 8 18 
0.40574576810446145 4 14 4 7 18 
0.4933709811022176 4 14 5 6 18 
17 22
3
0.12292463427462032 4 17 2 8 22 
0.38268171711671767 4 17 3 10 22 
0.49439364860866203 4 17 4 7 22 
14 19
3
0.09079617795991514 4 14 2 8 19 
0.3651757828624116 4 14 4 7 19 
0.5440280391776733 4 14 5 6 19 
12 22
3
0.11014105854667121 4 12 2 8 22 
0.4429792136452137 4 12 4 7 22 
0.44687972780811513 4 12 3 9 22 
16 23
3
0.2050928378026145 4 16 1 11 23 
0.22221799653638052 4 16 4 7 23 
0.5726891656610049 4 16 3 6 23 
13 18
2
0.25975847422645987 4 13 3 9 18 
0.7402415257735402 4 13 4 6 18 
16 21
3
0.0701535995577253 4 16 2 8 21 
0.23696064144674292 4 16 4 7 21 
0.6928857589955318 4 16 3 6 21 
16 22
4
0.06908316118816804 4 16 2 8 22 
0.2333448972833684 4 16 4 7 22 
0.27034227127728155 4 16 1 11 22 
0.42722967025118197 4 16 3 10 22 
16 18
3
0.044781241912578394 4 16 2 8 18 
0.24812603716109355 4 16 3 9 18 
0.707092720926328 4 16 4 6 18 
12 21
3
0.04508085334530542 4 12 2 8 21 
0.1946426136505937 4 12 4 7 21 
0.7602765330041009 4 12 3 6 21 
12 18
3
0.03264651509234618 4 12 2 8 18 
0.2512784503317524 4 12 3 9 18 
0.7160750345759014 4 12 4 6 18 
13 21
3
0.1294302837589269 4 13 4 7 21 
0.16571387757487271 4 13 3 9 21 
0.7048558386662004 4 13 5 6 21 
17 23
3
0.10116894838242292 4 17 4 7 23 
0.3471276725015143 4 17 3 10 23 
0.5517033791160628 4 17 5 6 23 
16 19
3
0.03607256718763189 4 16 2 8 19 
0.11688417096217939 4 16 4 7 19 
0.8470432618501887 4 16 3 6 19 
13 23
3
0.22643760151308412 4 13 1 11 23 
0.26020603619640037 4 13 3 10 23 
0.5133563622905155 4 13 4 6 23 
12 19
3
0.023290846638832796 4 12 2 8 19 
0.32853924121317585 4 12 3 10 19 
0.6481699121479914 4 12 4 6 19 
13 19
3
0.07280557815266826 4 13 4 7 19 
0.22630449240907072 4 13 3 9 19 
0.700889929438261 4 13 5 6 19 
17 21
3
0.01969597324089594 4 17 2 8 21 
0.06601886902713477 4 17 4 7 21 
0.9142851577319693 4 17 3 6 21 
17 18
4
0.00400301281093962 4 17 2 8 18 
0.01341851079204091 4 17 4 7 18 
0.2398227190804248 4 17 3 9 18 
0.7427557573165947 4 17 5 6 18 
17 19
3
1.4331258933847094E-4 4 17 2 8 19 
0.3363249643109911 4 17 3 10 19 
0.6635317230996705 4 17 4 6 19 
36
14 20
1
1.0 4 14 1 11 20 
14 22
1
1.0 4 14 1 11 22 
15 23
1
1.0 4 15 1 11 23 
17 20
1
1.0 4 17 2 8 20 
15 18
1
1.0 4 15 2 8 18 
15 21
1
1.0 4 15 2 8 21 
13 20
1
1.0 4 13 1 11 20 
12 20
1
1.0 4 12 2 8 20 
12 23
1
1.0 4 12 4 7 23 
14 21
1
1.0 4 14 2 8 21 
13 22
1
1.0 4 13 1 11 22 
15 22
1
1.0 4 15 3 10 22 
14 23
1
1.0 4 14 4 7 23 
15 19
1
1.0 4 15 3 10 19 
16 20
1
1.0 4 16 3 10 20 
15 20
1
1.0 4 15 3 10 20 
14 18
1
1.0 4 14 4 7 18 
17 22
1
1.0 4 17 3 10 22 
14 19
1
1.0 4 14 4 7 19 
12 22
1
1.0 4 12 4 7 22 
16 23
1
1.0 4 16 3 6 23 
13 18
1
1.0 4 13 3 6 18 
16 21
1
1.0 4 16 3 9 21 
16 22
1
1.0 4 16 3 9 22 
16 18
1
1.0 4 16 3 9 18 
12 21
1
1.0 4 12 3 9 21 
12 18
1
1.0 4 12 3 9 18 
13 21
1
1.0 4 13 3 6 21 
17 23
1
1.0 4 17 3 6 23 
16 19
1
1.0 4 16 4 6 19 
13 23
1
1.0 4 13 3 6 23 
12 19
1
1.0 4 12 4 6 19 
13 19
1
1.0 4 13 5 6 19 
17 21
1
1.0 4 17 4 6 21 
17 18
1
1.0 4 17 4 6 18 
17 19
1
1.0 4 17 4 6 19 
36
14 20
1
1.0 4 14 1 11 20 
14 22
1
1.0 4 14 4 7 22 
15 23
1
1.0 4 15 1 11 23 
17 20
1
1.0 4 17 2 8 20 
15 18
1
1.0 4 15 2 8 18 
15 21
1
1.0 4 15 2 8 21 
13 20
1
1.0 4 13 1 11 20 
12 20
1
1.0 4 12 2 8 20 
12 23
1
1.0 4 12 4 7 23 
14 21
1
1.0 4 14 4 7 21 
13 22
1
1.0 4 13 1 11 22 
15 22
1
1.0 4 15 3 9 22 
14 23
1
1.0 4 14 4 7 23 
15 19
1
1.0 4 15 3 6 19 
16 20
1
1.0 4 16 3 10 20 
15 20
1
1.0 4 15 3 9 20 
14 18
1
1.0 4 14 5 6 18 
17 22
1
1.0 4 17 3 10 22 
14 19
1
1.0 4 14 5 6 19 
12 22
1
1.0 4 12 3 9 22 
16 23
1
1.0 4 16 3 10 23 
13 18
1
1.0 4 13 3 9 18 
16 21
1
1.0 4 16 4 6 21 
16 22
1
1.0 4 16 3 10 22 
16 18
1
1.0 4 16 4 6 18 
12 21
1
1.0 4 12 3 6 21 
12 18
1
1.0 4 12 4 6 18 
13 21
1
1.0 4 13 5 6 21 
17 23
1
1.0 4 17 3 6 23 
16 19
1
1.0 4 16 4 6 19 
13 23
1
1.0 4 13 3 6 23 
12 19
2
0.6666672939068944 4 12 3 6 19 
0.33333270609310567 4 12 4 7 19 
13 19
1
1.0 4 13 5 6 19 
17 21
2
0.6666672939068944 4 17 4 6 21 
0.33333270609310567 4 17 3 9 21 
17 18
2
0.6666672939068944 4 17 5 6 18 
0.33333270609310567 4 17 2 8 18 
17 19
2
0.6666672939068944 4 17 3 10 19 
0.33333270609310567 4 17 2 8 19 
36
14 20
1
1.0 4 14 1 11 20 
14 22
1
1.0 4 14 1 11 22 
15 23
1
1.0 4 15 1 11 23 
17 20
1
1.0 4 17 3 10 20 
15 18
1
1.0 4 15 3 6 18 
15 21
1
1.0 4 15 3 6 21 
13 20
1
1.0 4 13 1 11 20 
12 20
1
1.0 4 12 3 10 20 
12 23
1
1.0 4 12 3 10 23 
14 21
1
1.0 4 14 5 6 21 
13 22
1
1.0 4 13 3 10 22 
15 22
1
1.0 4 15 3 9 22 
14 23
1
1.0 4 14 5 6 23 
15 19
1
1.0 4 15 3 6 19 
16 20
1
1.0 4 16 3 9 20 
15 20
1
1.0 4 15 2 8 20 
14 18
1
1.0 4 14 4 6 18 
17 22
1
1.0 4 17 3 9 22 
14 19
1
1.0 4 14 4 6 19 
12 22
1
1.0 4 12 3 9 22 
16 23
1
1.0 4 16 3 6 23 
13 18
1
1.0 4 13 4 6 18 
16 21
1
1.0 4 16 4 6 21 
16 22
1
1.0 4 16 4 7 22 
16 18
1
1.0 4 16 4 7 18 
12 21
1
1.0 4 12 4 7 21 
12 18
1
1.0 4 12 4 7 18 
13 21
1
1.0 4 13 5 6 21 
17 23
1
1.0 4 17 5 6 23 
16 19
1
1.0 4 16 2 8 19 
13 23
2
0.5000009072582474 4 13 4 7 23 
0.4999990927417526 4 13 1 11 23 
12 19
1
1.0 4 12 2 8 19 
13 19
2
0.5000009072582474 4 13 5 6 19 
0.4999990927417526 4 13 4 6 19 
17 21
1
1.0 4 17 2 8 21 
17 18
2
0.5000009072582474 4 17 2 8 18 
0.4999990927417526 4 17 3 6 18 
17 19
2
0.5000009072582474 4 17 3 9 19 
0.4999990927417526 4 17 3 10 19 
36
14 20
1
1.0 4 14 1 11 20 
14 22
1
1.0 4 14 1 11 22 
15 23
1
1.0 4 15 1 11 23 
17 20
1
1.0 4 17 3 10 20 
15 18
1
1.0 4 15 3 9 18 
15 21
1
1.0 4 15 3 9 21 
13 20
1
1.0 4 13 1 11 20 
12 20
1
1.0 4 12 3 9 20 
12 23
1
1.0 4 12 3 6 23 
14 21
1
1.0 4 14 4 7 21 
13 22
1
1.0 4 13 3 9 22 
15 22
1
1.0 4 15 3 10 22 
14 23
1
1.0 4 14 4 6 23 
15 19
1
1.0 4 15 3 10 19 
16 20
1
1.0 4 16 3 10 20 
15 20
1
1.0 4 15 2 8 20 
14 18
1
1.0 4 14 4 7 18 
17 22
1
1.0 4 17 4 7 22 
14 19
1
1.0 4 14 4 7 19 
12 22
1
1.0 4 12 2 8 22 
16 23
1
1.0 4 16 4 6 23 
13 18
1
1.0 4 13 4 6 18 
16 21
1
1.0 4 16 4 6 21 
16 22
1
1.0 4 16 2 8 22 
16 18
1
1.0 4 16 2 8 18 
12 21
1
1.0 4 12 3 6 21 
12 18
1
1.0 4 12 3 6 18 
13 21
1
1.0 4 13 3 6 21 
17 23
1
1.0 4 17 5 6 23 
16 19
2
0.6666672939068944 4 16 2 8 19 
0.33333270609310567 4 16 3 6 19 
13 23
2
0.6666672939068944 4 13 4 6 23 
0.33333270609310567 4 13 4 7 23 
12 19
2
0.6666672939068944 4 12 3 10 19 
0.33333270609310567 4 12 4 7 19 
13 19
1
1.0 4 13 5 6 19 
17 21
1
1.0 4 17 5 6 21 
17 18
1
1.0 4 17 5 6 18 
17 19
2
0.6666672939068944 4 17 5 6 19 
0.33333270609310567 4 17 3 6 19 
36
14 20
1
1.0 4 14 1 11 20 
14 22
1
1.0 4 14 1 11 22 
15 23
1
1.0 4 15 1 11 23 
17 20
1
1.0 4 17 3 10 20 
15 18
1
1.0 4 15 3 9 18 
15 21
1
1.0 4 15 3 9 21 
13 20
1
1.0 4 13 1 11 20 
12 20
1
1.0 4 12 3 9 20 
12 23
1
1.0 4 12 3 6 23 
14 21
1
1.0 4 14 4 7 21 
13 22
1
1.0 4 13 3 9 22 
15 22
1
1.0 4 15 3 10 22 
14 23
1
1.0 4 14 4 6 23 
15 19
1
1.0 4 15 3 10 19 
16 20
1
1.0 4 16 3 10 20 
15 20
1
1.0 4 15 2 8 20 
14 18
1
1.0 4 14 4 7 18 
17 22
1
1.0 4 17 4 7 22 
14 19
1
1.0 4 14 4 7 19 
12 22
1
1.0 4 12 2 8 22 
16 23
1
1.0 4 16 4 6 23 
13 18
1
1.0 4 13 4 6 18 
16 21
1
1.0 4 16 4 6 21 
16 22
1
1.0 4 16 2 8 22 
16 18
1
1.0 4 16 2 8 18 
12 21
1
1.0 4 12 3 6 21 
12 18
1
1.0 4 12 3 6 18 
13 21
1
1.0 4 13 3 6 21 
17 23
1
1.0 4 17 5 6 23 
16 19
2
0.5000009072582474 4 16 2 8 19 
0.4999990927417526 4 16 3 9 19 
13 23
2
0.5000009072582474 4 13 5 6 23 
0.4999990927417526 4 13 1 11 23 
12 19
2
0.5000009072582474 4 12 4 6 19 
0.4999990927417526 4 12 4 7 19 
13 19
1
1.0 4 13 5 6 19 
17 21
1
1.0 4 17 5 6 21 
17 18
1
1.0 4 17 5 6 18 
17 19
2
0.5000009072582474 4 17 3 10 19 
0.4999990927417526 4 17 3 6 19 
36
14 20
1
1.0 4 14 1 11 20 
14 22
1
1.0 4 14 1 11 22 
15 23
1
1.0 4 15 1 11 23 
17 20
1
1.0 4 17 3 10 20 
15 18
1
1.0 4 15 3 9 18 
15 21
1
1.0 4 15 3 9 21 
13 20
1
1.0 4 13 1 11 20 
12 20
1
1.0 4 12 3 9 20 
12 23
1
1.0 4 12 3 6 23 
14 21
1
1.0 4 14 4 7 21 
13 22
1
1.0 4 13 3 9 22 
15 22
1
1.0 4 15 3 10 22 
14 23
1
1.0 4 14 4 6 23 
15 19
1
1.0 4 15 3 10 19 
16 20
1
1.0 4 16 3 10 20 
15 20
1
1.0 4 15 2 8 20 
14 18
1
1.0 4 14 4 7 18 
17 22
1
1.0 4 17 4 7 22 
14 19
1
1.0 4 14 4 7 19 
12 22
1
1.0 4 12 2 8 22 
16 23
1
1.0 4 16 4 6 23 
13 18
1
1.0 4 13 4 6 18 
16 21
1
1.0 4 16 4 6 21 
16 22
1
1.0 4 16 2 8 22 
16 18
1
1.0 4 16 2 8 18 
12 21
1
1.0 4 12 3 6 21 
12 18
1
1.0 4 12 3 6 18 
13 21
1
1.0 4 13 3 6 21 
17 23
1
1.0 4 17 5 6 23 
16 19
2
0.5000009072582474 4 16 2 8 19 
0.4999990927417526 4 16 4 7 19 
13 23
2
0.5000009072582474 4 13 5 6 23 
0.4999990927417526 4 13 1 11 23 
12 19
2
0.5000009072582474 4 12 4 6 19 
0.4999990927417526 4 12 3 9 19 
13 19
1
1.0 4 13 5 6 19 
17 21
1
1.0 4 17 5 6 21 
17 18
1
1.0 4 17 5 6 18 
17 19
2
0.5000009072582474 4 17 3 10 19 
0.4999990927417526 4 17 3 6 19 
36
14 20
1
1.0 4 14 1 11 20 
14 22
1
1.0 4 14 1 11 22 
15 23
1
1.0 4 15 1 11 23 
17 20
1
1.0 4 17 3 10 20 
15 18
1
1.0 4 15 3 9 18 
15 21
1
1.0 4 15 3 9 21 
13 20
1
1.0 4 13 1 11 20 
12 20
1
1.0 4 12 3 9 20 
12 23
1
1.0 4 12 3 6 23 
14 21
1
1.0 4 14 4 7 21 
13 22
1
1.0 4 13 3 9 22 
15 22
1
1.0 4 15 3 10 22 
14 23
1
1.0 4 14 4 6 23 
15 19
1
1.0 4 15 3 10 19 
16 20
1
1.0 4 16 3 10 20 
15 20
1
1.0 4 15 2 8 20 
14 18
1
1.0 4 14 4 7 18 
17 22
1
1.0 4 17 4 7 22 
14 19
1
1.0 4 14 4 7 19 
12 22
1
1.0 4 12 2 8 22 
16 23
1
1.0 4 16 4 6 23 
13 18
1
1.0 4 13 4 6 18 
16 21
1
1.0 4 16 4 6 21 
16 22
1
1.0 4 16 2 8 22 
16 18
1
1.0 4 16 2 8 18 
12 21
1
1.0 4 12 3 6 21 
12 18
1
1.0 4 12 3 6 18 
13 21
1
1.0 4 13 3 6 21 
17 23
1
1.0 4 17 5 6 23 
16 19
2
0.5000009072582474 4 16 2 8 19 
0.4999990927417526 4 16 4 7 19 
13 23
2
0.5000009072582474 4 13 5 6 23 
0.4999990927417526 4 13 1 11 23 
12 19
2
0.5000009072582474 4 12 4 6 19 
0.4999990927417526 4 12 3 9 19 
13 19
1
1.0 4 13 5 6 19 
17 21
1
1.0 4 17 5 6 21 
17 18
1
1.0 4 17 5 6 18 
17 19
2
0.5000009072582474 4 17 3 10 19 
0.4999990927417526 4 17 3 6 19 
36
14 20
1
1.0 4 14 1 11 20 
14 22
1
1.0 4 14 1 11 22 
15 23
1
1.0 4 15 1 11 23 
17 20
1
1.0 4 17 3 10 20 
15 18
1
1.0 4 15 3 9 18 
15 21
1
1.0 4 15 3 9 21 
13 20
1
1.0 4 13 1 11 20 
12 20
1
1.0 4 12 3 9 20 
12 23
1
1.0 4 12 3 6 23 
14 21
1
1.0 4 14 4 7 21 
13 22
1
1.0 4 13 3 9 22 
15 22
1
1.0 4 15 3 10 22 
14 23
1
1.0 4 14 4 6 23 
15 19
1
1.0 4 15 3 10 19 
16 20
1
1.0 4 16 3 10 20 
15 20
1
1.0 4 15 2 8 20 
14 18
1
1.0 4 14 4 7 18 
17 22
1
1.0 4 17 4 7 22 
14 19
1
1.0 4 14 4 7 19 
12 22
1
1.0 4 12 2 8 22 
16 23
1
1.0 4 16 4 6 23 
13 18
1
1.0 4 13 4 6 18 
16 21
1
1.0 4 16 4 6 21 
16 22
1
1.0 4 16 2 8 22 
16 18
1
1.0 4 16 2 8 18 
12 21
1
1.0 4 12 3 6 21 
12 18
1
1.0 4 12 3 6 18 
13 21
1
1.0 4 13 3 6 21 
17 23
1
1.0 4 17 5 6 23 
16 19
2
0.5000009072582474 4 16 2 8 19 
0.4999990927417526 4 16 4 7 19 
13 23
2
0.5000009072582474 4 13 5 6 23 
0.4999990927417526 4 13 1 11 23 
12 19
2
0.5000009072582474 4 12 4 6 19 
0.4999990927417526 4 12 3 9 19 
13 19
1
1.0 4 13 5 6 19 
17 21
1
1.0 4 17 5 6 21 
17 18
1
1.0 4 17 5 6 18 
17 19
2
0.5000009072582474 4 17 3 10 19 
0.4999990927417526 4 17 3 6 19 
36
14 20
1
1.0 4 14 1 11 20 
14 22
1
1.0 4 14 1 11 22 
15 23
1
1.0 4 15 1 11 23 
17 20
1
1.0 4 17 2 8 20 
15 18
1
1.0 4 15 2 8 18 
15 21
1
1.0 4 15 2 8 21 
13 20
1
1.0 4 13 1 11 20 
12 20
1
1.0 4 12 2 8 20 
12 23
1
1.0 4 12 4 7 23 
14 21
1
1.0 4 14 2 8 21 
13 22
1
1.0 4 13 1 11 22 
15 22
1
1.0 4 15 3 10 22 
14 23
1
1.0 4 14 4 7 23 
15 19
1
1.0 4 15 3 10 19 
16 20
1
1.0 4 16 3 10 20 
15 20
1
1.0 4 15 3 10 20 
14 18
1
1.0 4 14 4 7 18 
17 22
1
1.0 4 17 3 10 22 
14 19
1
1.0 4 14 4 7 19 
12 22
1
1.0 4 12 4 7 22 
16 23
1
1.0 4 16 3 6 23 
13 18
1
1.0 4 13 3 6 18 
16 21
1
1.0 4 16 3 9 21 
16 22
1
1.0 4 16 3 9 22 
16 18
1
1.0 4 16 3 9 18 
12 21
1
1.0 4 12 3 9 21 
12 18
1
1.0 4 12 3 9 18 
13 21
1
1.0 4 13 3 6 21 
17 23
1
1.0 4 17 3 6 23 
16 19
1
1.0 4 16 4 6 19 
13 23
1
1.0 4 13 3 6 23 
12 19
1
1.0 4 12 4 6 19 
13 19
1
1.0 4 13 5 6 19 
17 21
1
1.0 4 17 4 6 21 
17 18
1
1.0 4 17 4 6 18 
17 19
1
1.0 4 17 4 6 19 
36
14 20
1
1.0 4 14 1 11 20 
14 22
1
1.0 4 14 4 7 22 
15 23
1
1.0 4 15 1 11 23 
17 20
1
1.0 4 17 2 8 20 
15 18
1
1.0 4 15 2 8 18 
15 21
1
1.0 4 15 2 8 21 
13 20
1
1.0 4 13 1 11 20 
12 20
1
1.0 4 12 2 8 20 
12 23
1
1.0 4 12 4 7 23 
14 21
1
1.0 4 14 4 7 21 
13 22
1
1.0 4 13 1 11 22 
15 22
1
1.0 4 15 3 9 22 
14 23
1
1.0 4 14 4 7 23 
15 19
1
1.0 4 15 3 6 19 
16 20
1
1.0 4 16 3 10 20 
15 20
1
1.0 4 15 3 9 20 
14 18
1
1.0 4 14 5 6 18 
17 22
1
1.0 4 17 3 10 22 
14 19
1
1.0 4 14 5 6 19 
12 22
1
1.0 4 12 3 9 22 
16 23
1
1.0 4 16 3 10 23 
13 18
1
1.0 4 13 3 9 18 
16 21
1
1.0 4 16 4 6 21 
16 22
1
1.0 4 16 3 10 22 
16 18
1
1.0 4 16 4 6 18 
12 21
1
1.0 4 12 3 6 21 
12 18
1
1.0 4 12 4 6 18 
13 21
1
1.0 4 13 5 6 21 
17 23
1
1.0 4 17 3 6 23 
16 19
1
1.0 4 16 4 6 19 
13 23
1
1.0 4 13 3 6 23 
12 19
2
0.6666672939068944 4 12 3 6 19 
0.33333270609310567 4 12 4 7 19 
13 19
1
1.0 4 13 5 6 19 
17 21
2
0.6666672939068944 4 17 4 6 21 
0.33333270609310567 4 17 3 9 21 
17 18
2
0.6666672939068944 4 17 5 6 18 
0.33333270609310567 4 17 2 8 18 
17 19
2
0.6666672939068944 4 17 3 10 19 
0.33333270609310567 4 17 2 8 19 
36
14 20
1
1.0 4 14 1 11 20 
14 22
1
1.0 4 14 1 11 22 
15 23
1
1.0 4 15 1 11 23 
17 20
1
1.0 4 17 2 8 20 
15 18
1
1.0 4 15 2 8 18 
15 21
1
1.0 4 15 2 8 21 
13 20
1
1.0 4 13 1 11 20 
12 20
1
1.0 4 12 2 8 20 
12 23
1
1.0 4 12 4 7 23 
14 21
1
1.0 4 14 4 6 21 
13 22
1
1.0 4 13 4 7 22 
15 22
1
1.0 4 15 3 9 22 
14 23
1
1.0 4 14 4 7 23 
15 19
1
1.0 4 15 3 6 19 
16 20
1
1.0 4 16 3 10 20 
15 20
1
1.0 4 15 3 9 20 
14 18
1
1.0 4 14 4 7 18 
17 22
1
1.0 4 17 3 10 22 
14 19
1
1.0 4 14 5 6 19 
12 22
1
1.0 4 12 3 10 22 
16 23
1
1.0 4 16 3 10 23 
13 18
1
1.0 4 13 3 9 18 
16 21
1
1.0 4 16 3 9 21 
16 22
2
0.6666672939068944 4 16 3 10 22 
0.33333270609310567 4 16 2 8 22 
16 18
1
1.0 4 16 4 6 18 
12 21
1
1.0 4 12 3 6 21 
12 18
1
1.0 4 12 4 6 18 
13 21
1
1.0 4 13 5 6 21 
17 23
1
1.0 4 17 5 6 23 
16 19
1
1.0 4 16 4 6 19 
13 23
1
1.0 4 13 3 6 23 
12 19
1
1.0 4 12 3 6 19 
13 19
2
0.6666672939068944 4 13 3 6 19 
0.33333270609310567 4 13 4 7 19 
17 21
1
1.0 4 17 5 6 21 
17 18
2
0.6666672939068944 4 17 5 6 18 
0.33333270609310567 4 17 2 8 18 
17 19
2
0.6666672939068944 4 17 3 9 19 
0.33333270609310567 4 17 4 7 19 
36
14 20
1
1.0 4 14 1 11 20 
14 22
1
1.0 4 14 1 11 22 
15 23
1
1.0 4 15 1 11 23 
17 20
1
1.0 4 17 2 8 20 
15 18
1
1.0 4 15 2 8 18 
15 21
1
1.0 4 15 2 8 21 
13 20
1
1.0 4 13 1 11 20 
12 20
1
1.0 4 12 2 8 20 
12 23
1
1.0 4 12 4 7 23 
14 21
1
1.0 4 14 4 6 21 
13 22
1
1.0 4 13 4 7 22 
15 22
1
1.0 4 15 3 9 22 
14 23
1
1.0 4 14 4 7 23 
15 19
1
1.0 4 15 3 6 19 
16 20
1
1.0 4 16 3 10 20 
15 20
1
1.0 4 15 3 9 20 
14 18
1
1.0 4 14 4 7 18 
17 22
1
1.0 4 17 3 10 22 
14 19
1
1.0 4 14 5 6 19 
12 22
1
1.0 4 12 3 10 22 
16 23
1
1.0 4 16 3 10 23 
13 18
1
1.0 4 13 3 9 18 
16 21
1
1.0 4 16 3 9 21 
16 22
2
0.6000015766134436 4 16 3 10 22 
0.3999984233865564 4 16 1 11 22 
16 18
1
1.0 4 16 4 6 18 
12 21
1
1.0 4 12 3 6 21 
12 18
1
1.0 4 12 4 6 18 
13 21
1
1.0 4 13 5 6 21 
17 23
1
1.0 4 17 5 6 23 
16 19
1
1.0 4 16 4 6 19 
13 23
1
1.0 4 13 3 6 23 
12 19
1
1.0 4 12 3 6 19 
13 19
2
0.6000015766134436 4 13 3 6 19 
0.3999984233865564 4 13 4 7 19 
17 21
1
1.0 4 17 5 6 21 
17 18
2
0.6000015766134436 4 17 5 6 18 
0.3999984233865564 4 17 2 8 18 
17 19
3
0.6000015766134436 4 17 3 9 19 
0.2000031532268872 4 17 2 8 19 
0.1999952701596692 4 17 4 7 19 
36
14 20
1
1.0 4 14 1 11 20 
14 22
1
1.0 4 14 1 11 22 
15 23
1
1.0 4 15 1 11 23 
17 20
1
1.0 4 17 2 8 20 
15 18
1
1.0 4 15 2 8 18 
15 21
1
1.0 4 15 2 8 21 
13 20
1
1.0 4 13 1 11 20 
12 20
1
1.0 4 12 2 8 20 
12 23
1
1.0 4 12 4 7 23 
14 21
1
1.0 4 14 4 6 21 
13 22
1
1.0 4 13 4 7 22 
15 22
1
1.0 4 15 3 9 22 
14 23
1
1.0 4 14 4 7 23 
15 19
1
1.0 4 15 3 6 19 
16 20
1
1.0 4 16 3 10 20 
15 20
1
1.0 4 15 3 9 20 
14 18
1
1.0 4 14 4 7 18 
17 22
1
1.0 4 17 3 10 22 
14 19
1
1.0 4 14 5 6 19 
12 22
1
1.0 4 12 3 10 22 
16 23
1
1.0 4 16 3 10 23 
13 18
1
1.0 4 13 3 9 18 
16 21
1
1.0 4 16 3 9 21 
16 22
2
0.6000015766134436 4 16 3 10 22 
0.3999984233865564 4 16 1 11 22 
16 18
1
1.0 4 16 4 6 18 
12 21
1
1.0 4 12 3 6 21 
12 18
1
1.0 4 12 4 6 18 
13 21
1
1.0 4 13 5 6 21 
17 23
1
1.0 4 17 5 6 23 
16 19
1
1.0 4 16 4 6 19 
13 23
1
1.0 4 13 3 6 23 
12 19
1
1.0 4 12 3 6 19 
13 19
2
0.6000015766134436 4 13 3 6 19 
0.3999984233865564 4 13 4 7 19 
17 21
1
1.0 4 17 5 6 21 
17 18
2
0.6000015766134436 4 17 5 6 18 
0.3999984233865564 4 17 2 8 18 
17 19
3
0.6000015766134436 4 17 3 9 19 
0.2000031532268872 4 17 2 8 19 
0.1999952701596692 4 17 4 7 19 
36
14 20
1
1.0 4 14 1 11 20 
14 22
1
1.0 4 14 1 11 22 
15 23
1
1.0 4 15 1 11 23 
17 20
1
1.0 4 17 2 8 20 
15 18
1
1.0 4 15 2 8 18 
15 21
1
1.0 4 15 2 8 21 
13 20
1
1.0 4 13 1 11 20 
12 20
1
1.0 4 12 2 8 20 
12 23
1
1.0 4 12 4 7 23 
14 21
1
1.0 4 14 4 6 21 
13 22
1
1.0 4 13 4 7 22 
15 22
1
1.0 4 15 3 9 22 
14 23
1
1.0 4 14 4 7 23 
15 19
1
1.0 4 15 3 6 19 
16 20
1
1.0 4 16 3 10 20 
15 20
1
1.0 4 15 3 9 20 
14 18
1
1.0 4 14 4 7 18 
17 22
1
1.0 4 17 3 10 22 
14 19
1
1.0 4 14 5 6 19 
12 22
1
1.0 4 12 3 10 22 
16 23
1
1.0 4 16 3 10 23 
13 18
1
1.0 4 13 3 9 18 
16 21
1
1.0 4 16 3 9 21 
16 22
2
0.6000015766134436 4 16 3 10 22 
0.3999984233865564 4 16 1 11 22 
16 18
1
1.0 4 16 4 6 18 
12 21
1
1.0 4 12 3 6 21 
12 18
1
1.0 4 12 4 6 18 
13 21
1
1.0 4 13 5 6 21 
17 23
1
1.0 4 17 5 6 23 
16 19
1
1.0 4 16 4 6 19 
13 23
1
1.0 4 13 3 6 23 
12 19
1
1.0 4 12 3 6 19 
13 19
2
0.6000015766134436 4 13 3 6 19 
0.3999984233865564 4 13 4 7 19 
17 21
1
1.0 4 17 5 6 21 
17 18
2
0.6000015766134436 4 17 5 6 18 
0.3999984233865564 4 17 2 8 18 
17 19
3
0.6000015766134436 4 17 3 9 19 
0.2000031532268872 4 17 2 8 19 
0.1999952701596692 4 17 4 7 19 
36
14 20
1
1.0 4 14 1 11 20 
14 22
1
1.0 4 14 1 11 22 
15 23
1
1.0 4 15 1 11 23 
17 20
1
1.0 4 17 2 8 20 
15 18
1
1.0 4 15 2 8 18 
15 21
1
1.0 4 15 2 8 21 
13 20
1
1.0 4 13 1 11 20 
12 20
1
1.0 4 12 2 8 20 
12 23
1
1.0 4 12 4 7 23 
14 21
1
1.0 4 14 4 6 21 
13 22
1
1.0 4 13 4 7 22 
15 22
1
1.0 4 15 3 9 22 
14 23
1
1.0 4 14 4 7 23 
15 19
1
1.0 4 15 3 6 19 
16 20
1
1.0 4 16 3 10 20 
15 20
1
1.0 4 15 3 9 20 
14 18
1
1.0 4 14 4 7 18 
17 22
1
1.0 4 17 3 10 22 
14 19
1
1.0 4 14 5 6 19 
12 22
1
1.0 4 12 3 10 22 
16 23
1
1.0 4 16 3 10 23 
13 18
1
1.0 4 13 3 9 18 
16 21
1
1.0 4 16 3 9 21 
16 22
2
0.6000015766134436 4 16 3 10 22 
0.3999984233865564 4 16 1 11 22 
16 18
1
1.0 4 16 4 6 18 
12 21
1
1.0 4 12 3 6 21 
12 18
1
1.0 4 12 4 6 18 
13 21
1
1.0 4 13 5 6 21 
17 23
1
1.0 4 17 5 6 23 
16 19
1
1.0 4 16 4 6 19 
13 23
1
1.0 4 13 3 6 23 
12 19
1
1.0 4 12 3 6 19 
13 19
2
0.6000015766134436 4 13 3 6 19 
0.3999984233865564 4 13 4 7 19 
17 21
1
1.0 4 17 5 6 21 
17 18
2
0.6000015766134436 4 17 5 6 18 
0.3999984233865564 4 17 2 8 18 
17 19
3
0.6000015766134436 4 17 3 9 19 
0.2000031532268872 4 17 2 8 19 
0.1999952701596692 4 17 4 7 19 
36
14 20
1
1.0 4 14 1 11 20 
14 22
1
1.0 4 14 1 11 22 
15 23
1
1.0 4 15 1 11 23 
17 20
1
1.0 4 17 2 8 20 
15 18
1
1.0 4 15 2 8 18 
15 21
1
1.0 4 15 2 8 21 
13 20
1
1.0 4 13 1 11 20 
12 20
1
1.0 4 12 2 8 20 
12 23
1
1.0 4 12 4 7 23 
14 21
1
1.0 4 14 4 6 21 
13 22
1
1.0 4 13 4 7 22 
15 22
1
1.0 4 15 3 9 22 
14 23
1
1.0 4 14 4 7 23 
15 19
1
1.0 4 15 3 6 19 
16 20
1
1.0 4 16 3 10 20 
15 20
1
1.0 4 15 3 9 20 
14 18
1
1.0 4 14 4 7 18 
17 22
1
1.0 4 17 3 10 22 
14 19
1
1.0 4 14 5 6 19 
12 22
1
1.0 4 12 3 10 22 
16 23
1
1.0 4 16 3 10 23 
13 18
1
1.0 4 13 3 9 18 
16 21
1
1.0 4 16 3 9 21 
16 22
2
0.6000015766134436 4 16 3 10 22 
0.3999984233865564 4 16 1 11 22 
16 18
1
1.0 4 16 4 6 18 
12 21
1
1.0 4 12 3 6 21 
12 18
1
1.0 4 12 4 6 18 
13 21
1
1.0 4 13 5 6 21 
17 23
1
1.0 4 17 5 6 23 
16 19
1
1.0 4 16 4 6 19 
13 23
1
1.0 4 13 3 6 23 
12 19
1
1.0 4 12 3 6 19 
13 19
2
0.6000015766134436 4 13 3 6 19 
0.3999984233865564 4 13 4 7 19 
17 21
1
1.0 4 17 5 6 21 
17 18
2
0.6000015766134436 4 17 5 6 18 
0.3999984233865564 4 17 2 8 18 
17 19
3
0.6000015766134436 4 17 3 9 19 
0.2000031532268872 4 17 2 8 19 
0.1999952701596692 4 17 4 7 19 
