4
6 8
2
0.6666666666666666 4 6 0 1 8 
0.3333333333333333 4 6 2 3 8 
7 9
2
0.6666666666666666 4 7 2 1 9 
0.3333333333333333 4 7 0 3 9 
6 9
2
0.6666666666666666 4 6 2 5 9 
0.3333333333333333 4 6 4 3 9 
7 8
2
0.6666666666666666 4 7 4 5 8 
0.3333333333333333 4 7 0 3 8 
4
6 8
2
0.6024096385542169 4 6 0 1 8 
0.39759036144578314 4 6 2 1 8 
7 9
2
0.6024096385542169 4 7 0 3 9 
0.39759036144578314 4 7 2 3 9 
6 9
2
0.6024096385542169 4 6 2 5 9 
0.39759036144578314 4 6 4 5 9 
7 8
3
0.6024096385542169 4 7 4 3 8 
0.20481927710843373 4 7 2 1 8 
0.1927710843373494 4 7 4 5 8 
4
6 8
2
0.5714285714285714 4 6 0 1 8 
0.42857142857142855 4 6 0 3 8 
7 9
2
0.5714285714285714 4 7 2 1 9 
0.42857142857142855 4 7 2 5 9 
6 9
2
0.5714285714285714 4 6 2 3 9 
0.42857142857142855 4 6 4 3 9 
7 8
4
0.5714285714285714 4 7 4 5 8 
0.14285714285714285 4 7 0 3 8 
0.14285714285714285 4 7 4 3 8 
0.14285714285714285 4 7 2 5 8 
4
6 8
2
0.6024096385542169 4 6 0 1 8 
0.39759036144578314 4 6 4 3 8 
7 9
2
0.6024096385542169 4 7 2 1 9 
0.39759036144578314 4 7 4 5 9 
6 9
2
0.6024096385542169 4 6 0 3 9 
0.39759036144578314 4 6 2 3 9 
7 8
3
0.6024096385542169 4 7 2 5 8 
0.20481927710843373 4 7 4 3 8 
0.1927710843373494 4 7 4 5 8 
4
6 8
2
0.6024096385542169 4 6 0 1 8 
0.39759036144578314 4 6 2 5 8 
7 9
2
0.6024096385542169 4 7 2 1 9 
0.39759036144578314 4 7 4 5 9 
6 9
2
0.6024096385542169 4 6 0 3 9 
0.39759036144578314 4 6 4 3 9 
7 8
3
0.6024096385542169 4 7 2 3 8 
0.20481927710843373 4 7 4 5 8 
0.1927710843373494 4 7 4 3 8 
4
6 8
2
0.6666666666666666 4 6 0 1 8 
0.3333333333333333 4 6 4 5 8 
7 9
2
0.6666666666666666 4 7 2 1 9 
0.3333333333333333 4 7 4 5 9 
6 9
2
0.6666666666666666 4 6 0 3 9 
0.3333333333333333 4 6 4 3 9 
7 8
2
0.6666666666666666 4 7 2 3 8 
0.3333333333333333 4 7 4 3 8 
4
6 8
2
0.6666666666666666 4 6 0 1 8 
0.3333333333333333 4 6 4 5 8 
7 9
2
0.6666666666666666 4 7 2 1 9 
0.3333333333333333 4 7 4 5 9 
6 9
2
0.6666666666666666 4 6 0 3 9 
0.3333333333333333 4 6 4 3 9 
7 8
2
0.6666666666666666 4 7 2 3 8 
0.3333333333333333 4 7 4 3 8 
4
6 8
1
1.0 4 6 4 5 8 
7 9
1
1.0 4 7 2 5 9 
6 9
1
1.0 4 6 4 3 9 
7 8
1
1.0 4 7 2 3 8 
4
6 8
2
0.5037593984962406 4 6 2 3 8 
0.49624060150375937 4 6 0 1 8 
7 9
2
0.5037593984962406 4 7 0 3 9 
0.49624060150375937 4 7 2 1 9 
6 9
2
0.5037593984962406 4 6 2 5 9 
0.49624060150375937 4 6 4 3 9 
7 8
2
0.2556390977443609 4 7 2 1 8 
0.7443609022556391 4 7 4 5 8 
4
6 8
3
0.3333333333333333 4 6 2 1 8 
0.3333333333333333 4 6 2 3 8 
0.3333333333333333 4 6 0 1 8 
7 9
3
0.3333333333333333 4 7 4 3 9 
0.3333333333333333 4 7 2 5 9 
0.3333333333333333 4 7 0 3 9 
6 9
3
0.25333333333333335 4 6 0 1 9 
0.25333333333333335 4 6 0 3 9 
0.49333333333333335 4 6 4 5 9 
7 8
3
0.3333333333333333 4 7 2 1 8 
0.3333333333333333 4 7 4 3 8 
0.3333333333333333 4 7 2 5 8 
4
6 8
4
0.2545454545454545 4 6 0 3 8 
0.2545454545454545 4 6 2 1 8 
0.2545454545454545 4 6 2 3 8 
0.23636363636363636 4 6 0 1 8 
7 9
4
0.1696969696969697 4 7 0 1 9 
0.2787878787878788 4 7 4 5 9 
0.2787878787878788 4 7 2 5 9 
0.2727272727272727 4 7 4 3 9 
6 9
4
0.2606060606060606 4 6 4 3 9 
0.2727272727272727 4 6 2 3 9 
0.2727272727272727 4 6 0 3 9 
0.19393939393939394 4 6 2 1 9 
7 8
4
0.15757575757575756 4 7 2 1 8 
0.2 4 7 0 1 8 
0.32727272727272727 4 7 4 5 8 
0.3151515151515151 4 7 2 5 8 
4
6 8
5
0.2546583850931677 4 6 4 3 8 
0.2546583850931677 4 6 0 3 8 
0.2546583850931677 4 6 2 1 8 
0.2360248447204969 4 6 2 3 8 
0.0 4 6 0 1 8 
7 9
5
0.14906832298136646 4 7 2 1 9 
0.15527950310559005 4 7 2 3 9 
0.2546583850931677 4 7 4 5 9 
0.2546583850931677 4 7 2 5 9 
0.18633540372670807 4 7 0 1 9 
6 9
5
0.19875776397515527 4 6 4 3 9 
0.19875776397515527 4 6 0 3 9 
0.19875776397515527 4 6 4 5 9 
0.19875776397515527 4 6 2 5 9 
0.20496894409937888 4 6 0 1 9 
7 8
5
0.16770186335403728 4 7 4 5 8 
0.16770186335403728 4 7 2 5 8 
0.21739130434782608 4 7 2 1 8 
0.22981366459627328 4 7 0 1 8 
0.21739130434782608 4 7 2 3 8 
4
6 8
6
0.17058823529411765 4 6 2 5 8 
0.17058823529411765 4 6 4 3 8 
0.17058823529411765 4 6 0 3 8 
0.17058823529411765 4 6 2 1 8 
0.17058823529411765 4 6 2 3 8 
0.14705882352941177 4 6 0 1 8 
7 9
6
0.16470588235294117 4 7 4 3 9 
0.16470588235294117 4 7 2 3 9 
0.16470588235294117 4 7 0 3 9 
0.16470588235294117 4 7 2 1 9 
0.17058823529411765 4 7 0 1 9 
0.17058823529411765 4 7 4 5 9 
6 9
6
0.1411764705882353 4 6 2 3 9 
0.1411764705882353 4 6 0 3 9 
0.1411764705882353 4 6 2 1 9 
0.14705882352941177 4 6 0 1 9 
0.22941176470588234 4 6 4 5 9 
0.2 4 6 2 5 9 
7 8
6
0.11176470588235295 4 7 0 3 8 
0.11176470588235295 4 7 2 1 8 
0.12352941176470589 4 7 0 1 8 
0.18823529411764706 4 7 4 5 8 
0.21764705882352942 4 7 2 5 8 
0.24705882352941178 4 7 4 3 8 
4
6 8
7
0.14285714285714285 4 6 4 5 8 
0.14285714285714285 4 6 2 5 8 
0.14285714285714285 4 6 4 3 8 
0.14285714285714285 4 6 0 3 8 
0.14285714285714285 4 6 2 1 8 
0.14285714285714285 4 6 2 3 8 
0.14285714285714285 4 6 0 1 8 
7 9
7
0.14285714285714285 4 7 4 5 9 
0.14285714285714285 4 7 2 5 9 
0.14285714285714285 4 7 4 3 9 
0.14285714285714285 4 7 0 3 9 
0.14285714285714285 4 7 2 1 9 
0.14285714285714285 4 7 2 3 9 
0.14285714285714285 4 7 0 1 9 
6 9
7
0.14285714285714285 4 6 4 5 9 
0.14285714285714285 4 6 2 5 9 
0.14285714285714285 4 6 4 3 9 
0.14285714285714285 4 6 0 3 9 
0.14285714285714285 4 6 2 1 9 
0.14285714285714285 4 6 2 3 9 
0.14285714285714285 4 6 0 1 9 
7 8
7
0.14285714285714285 4 7 4 5 8 
0.14285714285714285 4 7 2 5 8 
0.14285714285714285 4 7 4 3 8 
0.14285714285714285 4 7 0 3 8 
0.14285714285714285 4 7 2 1 8 
0.14285714285714285 4 7 2 3 8 
0.14285714285714285 4 7 0 1 8 
4
6 8
7
0.14285714285714285 4 6 4 5 8 
0.14285714285714285 4 6 2 5 8 
0.14285714285714285 4 6 4 3 8 
0.14285714285714285 4 6 0 3 8 
0.14285714285714285 4 6 2 1 8 
0.14285714285714285 4 6 2 3 8 
0.14285714285714285 4 6 0 1 8 
7 9
7
0.14285714285714285 4 7 4 5 9 
0.14285714285714285 4 7 2 5 9 
0.14285714285714285 4 7 4 3 9 
0.14285714285714285 4 7 0 3 9 
0.14285714285714285 4 7 2 1 9 
0.14285714285714285 4 7 2 3 9 
0.14285714285714285 4 7 0 1 9 
6 9
7
0.14285714285714285 4 6 4 5 9 
0.14285714285714285 4 6 2 5 9 
0.14285714285714285 4 6 4 3 9 
0.14285714285714285 4 6 0 3 9 
0.14285714285714285 4 6 2 1 9 
0.14285714285714285 4 6 2 3 9 
0.14285714285714285 4 6 0 1 9 
7 8
7
0.14285714285714285 4 7 4 5 8 
0.14285714285714285 4 7 2 5 8 
0.14285714285714285 4 7 4 3 8 
0.14285714285714285 4 7 0 3 8 
0.14285714285714285 4 7 2 1 8 
0.14285714285714285 4 7 2 3 8 
0.14285714285714285 4 7 0 1 8 
4
6 8
1
1.0 4 6 4 5 8 
7 9
1
1.0 4 7 2 5 9 
6 9
1
1.0 4 6 4 3 9 
7 8
1
1.0 4 7 2 3 8 
4
6 8
2
0.6666666666666666 4 6 0 1 8 
0.3333333333333333 4 6 2 3 8 
7 9
2
0.6666666666666666 4 7 2 1 9 
0.3333333333333333 4 7 0 3 9 
6 9
2
0.6666666666666666 4 6 2 5 9 
0.3333333333333333 4 6 4 3 9 
7 8
2
0.6666666666666666 4 7 4 5 8 
0.3333333333333333 4 7 0 3 8 
4
6 8
2
0.7299270072992701 4 6 0 1 8 
0.27007299270072993 4 6 4 5 8 
7 9
2
0.7299270072992701 4 7 2 1 9 
0.27007299270072993 4 7 4 5 9 
6 9
2
0.7299270072992701 4 6 0 3 9 
0.27007299270072993 4 6 2 5 9 
7 8
2
0.7299270072992701 4 7 4 3 8 
0.27007299270072993 4 7 2 5 8 
4
6 8
2
0.7299270072992701 4 6 0 1 8 
0.27007299270072993 4 6 4 5 8 
7 9
2
0.7299270072992701 4 7 2 1 9 
0.27007299270072993 4 7 4 5 9 
6 9
2
0.7299270072992701 4 6 0 3 9 
0.27007299270072993 4 6 2 5 9 
7 8
2
0.7299270072992701 4 7 4 3 8 
0.27007299270072993 4 7 2 5 8 
4
6 8
2
0.7299270072992701 4 6 0 1 8 
0.27007299270072993 4 6 4 5 8 
7 9
2
0.7299270072992701 4 7 2 1 9 
0.27007299270072993 4 7 4 5 9 
6 9
2
0.7299270072992701 4 6 0 3 9 
0.27007299270072993 4 6 2 5 9 
7 8
2
0.7299270072992701 4 7 4 3 8 
0.27007299270072993 4 7 2 5 8 
4
6 8
2
0.7299270072992701 4 6 0 1 8 
0.27007299270072993 4 6 4 5 8 
7 9
2
0.7299270072992701 4 7 2 1 9 
0.27007299270072993 4 7 4 5 9 
6 9
2
0.7299270072992701 4 6 0 3 9 
0.27007299270072993 4 6 2 5 9 
7 8
2
0.7299270072992701 4 7 4 3 8 
0.27007299270072993 4 7 2 5 8 
4
6 8
2
0.7299270072992701 4 6 0 1 8 
0.27007299270072993 4 6 4 5 8 
7 9
2
0.7299270072992701 4 7 2 1 9 
0.27007299270072993 4 7 4 5 9 
6 9
2
0.7299270072992701 4 6 0 3 9 
0.27007299270072993 4 6 2 5 9 
7 8
2
0.7299270072992701 4 7 4 3 8 
0.27007299270072993 4 7 2 5 8 
4
6 8
2
0.7299270072992701 4 6 0 1 8 
0.27007299270072993 4 6 4 5 8 
7 9
2
0.7299270072992701 4 7 2 1 9 
0.27007299270072993 4 7 4 5 9 
6 9
2
0.7299270072992701 4 6 0 3 9 
0.27007299270072993 4 6 2 5 9 
7 8
2
0.7299270072992701 4 7 4 3 8 
0.27007299270072993 4 7 2 5 8 
4
6 8
1
1.0 4 6 4 5 8 
7 9
1
1.0 4 7 2 5 9 
6 9
1
1.0 4 6 4 3 9 
7 8
1
1.0 4 7 2 3 8 
4
6 8
2
0.5037593984962406 4 6 2 3 8 
0.49624060150375937 4 6 0 1 8 
7 9
2
0.5037593984962406 4 7 0 3 9 
0.49624060150375937 4 7 2 1 9 
6 9
2
0.5037593984962406 4 6 2 5 9 
0.49624060150375937 4 6 4 3 9 
7 8
2
0.2556390977443609 4 7 2 1 8 
0.7443609022556391 4 7 4 5 8 
4
6 8
3
0.33884297520661155 4 6 4 5 8 
0.33884297520661155 4 6 2 3 8 
0.32231404958677684 4 6 0 1 8 
7 9
3
0.23140495867768596 4 7 4 5 9 
0.3884297520661157 4 7 0 3 9 
0.38016528925619836 4 7 2 1 9 
6 9
3
0.2396694214876033 4 6 0 1 9 
0.3884297520661157 4 6 2 5 9 
0.371900826446281 4 6 4 3 9 
7 8
3
0.256198347107438 4 7 4 5 8 
0.2644628099173554 4 7 0 1 8 
0.4793388429752066 4 7 2 3 8 
4
6 8
3
0.33884297520661155 4 6 4 5 8 
0.33884297520661155 4 6 2 3 8 
0.32231404958677684 4 6 0 1 8 
7 9
3
0.23140495867768596 4 7 4 5 9 
0.3884297520661157 4 7 0 3 9 
0.38016528925619836 4 7 2 1 9 
6 9
3
0.2396694214876033 4 6 0 1 9 
0.3884297520661157 4 6 2 5 9 
0.371900826446281 4 6 4 3 9 
7 8
3
0.256198347107438 4 7 4 5 8 
0.2644628099173554 4 7 0 1 8 
0.4793388429752066 4 7 2 3 8 
4
6 8
3
0.33884297520661155 4 6 4 5 8 
0.33884297520661155 4 6 2 3 8 
0.32231404958677684 4 6 0 1 8 
7 9
3
0.23140495867768596 4 7 4 5 9 
0.3884297520661157 4 7 0 3 9 
0.38016528925619836 4 7 2 1 9 
6 9
3
0.2396694214876033 4 6 0 1 9 
0.3884297520661157 4 6 2 5 9 
0.371900826446281 4 6 4 3 9 
7 8
3
0.256198347107438 4 7 4 5 8 
0.2644628099173554 4 7 0 1 8 
0.4793388429752066 4 7 2 3 8 
4
6 8
3
0.33884297520661155 4 6 4 5 8 
0.33884297520661155 4 6 2 3 8 
0.32231404958677684 4 6 0 1 8 
7 9
3
0.23140495867768596 4 7 4 5 9 
0.3884297520661157 4 7 0 3 9 
0.38016528925619836 4 7 2 1 9 
6 9
3
0.2396694214876033 4 6 0 1 9 
0.3884297520661157 4 6 2 5 9 
0.371900826446281 4 6 4 3 9 
7 8
3
0.256198347107438 4 7 4 5 8 
0.2644628099173554 4 7 0 1 8 
0.4793388429752066 4 7 2 3 8 
4
6 8
3
0.33884297520661155 4 6 4 5 8 
0.33884297520661155 4 6 2 3 8 
0.32231404958677684 4 6 0 1 8 
7 9
3
0.23140495867768596 4 7 4 5 9 
0.3884297520661157 4 7 0 3 9 
0.38016528925619836 4 7 2 1 9 
6 9
3
0.2396694214876033 4 6 0 1 9 
0.3884297520661157 4 6 2 5 9 
0.371900826446281 4 6 4 3 9 
7 8
3
0.256198347107438 4 7 4 5 8 
0.2644628099173554 4 7 0 1 8 
0.4793388429752066 4 7 2 3 8 
4
6 8
3
0.33884297520661155 4 6 4 5 8 
0.33884297520661155 4 6 2 3 8 
0.32231404958677684 4 6 0 1 8 
7 9
3
0.23140495867768596 4 7 4 5 9 
0.3884297520661157 4 7 0 3 9 
0.38016528925619836 4 7 2 1 9 
6 9
3
0.2396694214876033 4 6 0 1 9 
0.3884297520661157 4 6 2 5 9 
0.371900826446281 4 6 4 3 9 
7 8
3
0.256198347107438 4 7 4 5 8 
0.2644628099173554 4 7 0 1 8 
0.4793388429752066 4 7 2 3 8 
