3

36

4
0	1
1	1
2	1
3	1

12
0	20000000										
1	1620000000										
2	20000000										
3	1620000000										
4	1620000000										
5	1620000000										
6	20000000										
7	20000000										
8	20000000										
9	1620000000										
10	1620000000										
11	1620000000
6
12	0
13	0
14	0
15	0
16	0
17	0
6
18	0
19	0
20	0
21	0
22	0
23	0

30
0	1	9920000
1	0	9920000
1	4	9920000
1	5	2480000
1	11	9920000
2	5	9920000
2	8	9920000
3	6	9920000
3	9	9920000
3	10	9920000
4	1	9920000
4	6	9920000
4	7	9920000
5	1	2480000
5	2	9920000
5	6	9920000
6	3	9920000
6	4	9920000
6	5	9920000
7	4	9920000
7	9	9920000
8	2	9920000
8	11	9920000
9	3	9920000
9	7	9920000
9	10	9920000
10	3	9920000
10	9	9920000
11	1	9920000
11	8	9920000
52
12	0	9920000
13	1	9920000
14	2	9920000
15	3	9920000
16	4	9920000
17	5	9920000
6	18	9920000
7	19	9920000
8	20	9920000
9	21	9920000
10	22	9920000
11	23	9920000
12	2	9920000
12	3	9920000
12	4	9920000
13	3	9920000
13	4	9920000
13	5	9920000
14	0	9920000
14	1	9920000
14	4	9920000
14	5	9920000
15	0	9920000
15	1	9920000
15	2	9920000
16	1	9920000
16	2	9920000
16	3	9920000
17	2	9920000
17	3	9920000
17	4	9920000
17	5	9920000
7	18	9920000
8	18	9920000
9	18	9920000
8	19	9920000
9	19	9920000
10	19	9920000
6	19	9920000
9	20	9920000
10	20	9920000
11	20	9920000
6	21	9920000
7	21	9920000
8	21	9920000
7	22	9920000
8	22	9920000
9	22	9920000
11	22	9920000
6	23	9920000
7	23	9920000
10	23	9920000

36
12	18	12180	5000000	3	3	1	0
12	19	12437	5000000	3	1	0	3
12	20	14622	5000000	3	1	0	3
12	21	16050	5000000	3	1	3	0
12	22	13665	5000000	3	1	0	3
12	23	392328	5000000	3	3	0	1
13	18	35985	5000000	3	3	1	0
13	19	9653	5000000	3	3	1	0
13	20	16250	5000000	3	1	0	3
13	21	6597	5000000	3	0	1	3
13	22	37270	5000000	3	0	1	3
13	23	17621	5000000	3	1	0	3
14	18	18078	5000000	3	0	3	1
14	19	15008	5000000	3	1	0	3
14	20	65031	5000000	3	1	3	0
14	21	53764	5000000	3	3	1	0
14	22	33315	5000000	3	0	3	1
14	23	27817	5000000	3	0	1	3
15	18	18692	5000000	3	3	1	0
15	19	27431	5000000	3	3	0	1
15	20	23447	5000000	3	3	0	1
15	21	17321	5000000	3	3	0	1
15	22	34814	5000000	3	3	1	0
15	23	27260	5000000	3	1	0	3
16	18	18678	5000000	3	0	1	3
16	19	18107	5000000	3	3	0	1
16	20	27431	5000000	3	3	1	0
16	21	32272	5000000	3	3	0	1
16	22	25746	5000000	3	0	3	1
16	23	38698	5000000	3	1	3	0
17	18	9496	5000000	3	3	1	0
17	19	16264	5000000	3	0	1	3
17	20	21034	5000000	3	0	1	3
17	21	17278	5000000	3	3	0	1
17	22	18021	5000000	3	3	0	1
17	23	18921	5000000	3	1	3	0


